3.795488525390625000e+03
3.836468505859375000e+03
3.943259033203125000e+03
4.714717773437500000e+03
5.583539550781250000e+03
5.213183593750000000e+02
5.839201660156250000e+03
4.556412109375000000e+03
4.745625488281250000e+03
4.060051757812500000e+03
4.899947753906250000e+03
4.535647460937500000e+03
9.701055297851562500e+02
4.612312011718750000e+03
4.436758300781250000e+03
3.963999511718750000e+03
4.880055175781250000e+03
5.112133789062500000e+03
5.655896972656250000e+03
4.389982299804687500e+02
4.554443847656250000e+03
4.757221679687500000e+03
4.213383789062500000e+03
4.945795898437500000e+03
5.080042968750000000e+03
6.445208496093750000e+03
6.000383911132812500e+02
6.398325195312500000e+03
5.292730957031250000e+03
4.868805175781250000e+03
6.036625000000000000e+03
6.083921386718750000e+03
5.708431152343750000e+03
6.896831665039062500e+02
6.271281250000000000e+03
5.478433105468750000e+03
5.675560546875000000e+03
6.422082031250000000e+03
5.692658203125000000e+03
6.997727539062500000e+03
4.888023376464843750e+02
5.458381347656250000e+03
5.218203125000000000e+03
4.889048828125000000e+03
5.292625000000000000e+03
4.856514160156250000e+03
6.513851562500000000e+03
-4.432081604003906250e+02
6.798347167968750000e+03
6.757295410156250000e+03
5.951532226562500000e+03
5.378833984375000000e+03
4.302929687500000000e+03
6.792454589843750000e+03
1.309279541015625000e+03
8.107111328125000000e+03
6.205064941406250000e+03
2.940899169921875000e+03
-8.370885009765625000e+02
3.134310546875000000e+03
5.656689453125000000e+03
-1.799537658691406250e+02
6.373996093750000000e+03
5.037336425781250000e+03
3.055372802734375000e+03
2.657569335937500000e+03
5.033456542968750000e+03
4.433436523437500000e+03
5.256759643554687500e+02
5.500444824218750000e+03
5.070960449218750000e+03
4.350789550781250000e+03
3.713703613281250000e+03
3.845702636718750000e+03
4.401958984375000000e+03
6.987136840820312500e+02
4.583740722656250000e+03
4.408041015625000000e+03
4.055957275390625000e+03
4.300975585937500000e+03
4.371140136718750000e+03
5.331807617187500000e+03
6.305640258789062500e+02
4.156086914062500000e+03
4.198172851562500000e+03
3.494610351562500000e+03
3.895274169921875000e+03
4.184591796875000000e+03
5.208074707031250000e+03
2.764170532226562500e+02
5.134987792968750000e+03
4.444709960937500000e+03
4.284233886718750000e+03
4.634510742187500000e+03
4.969405761718750000e+03
4.744288574218750000e+03
8.262979736328125000e+02
5.393880371093750000e+03
4.076281982421875000e+03
4.154853027343750000e+03
4.302792968750000000e+03
4.938088378906250000e+03
4.798518066406250000e+03
6.243573608398437500e+02
3.726843261718750000e+03
3.677534667968750000e+03
3.599204101562500000e+03
3.933284667968750000e+03
4.615357421875000000e+03
4.587711425781250000e+03
8.406525268554687500e+02
4.352421875000000000e+03
4.626653808593750000e+03
4.118034667968750000e+03
4.598219238281250000e+03
4.583158203125000000e+03
5.277919433593750000e+03
2.891235351562500000e+02
4.424406250000000000e+03
4.053988525390625000e+03
4.073309814453125000e+03
3.743502441406250000e+03
4.618397949218750000e+03
4.593779296875000000e+03
8.313449096679687500e+02
5.170418945312500000e+03
4.772827636718750000e+03
4.906337402343750000e+03
4.449793457031250000e+03
4.719537597656250000e+03
4.987367187500000000e+03
3.046854248046875000e+02
4.109707031250000000e+03
4.199798339843750000e+03
3.195644042968750000e+03
3.354139404296875000e+03
4.075185791015625000e+03
4.463936035156250000e+03
1.009120239257812500e+03
4.971352050781250000e+03
4.434326660156250000e+03
4.197693847656250000e+03
5.006568359375000000e+03
4.222481445312500000e+03
4.872428710937500000e+03
3.984922485351562500e+02
4.273825683593750000e+03
3.927355712890625000e+03
3.149192138671875000e+03
5.434500000000000000e+03
1.791866088867187500e+03
4.602848144531250000e+03
1.913311035156250000e+03
4.385812988281250000e+03
5.535467285156250000e+03
6.324289062500000000e+03
4.391504394531250000e+03
2.886227783203125000e+03
6.266535644531250000e+03
-9.415144042968750000e+02
2.422946044921875000e+03
4.123535156250000000e+03
3.933373291015625000e+03
3.285269531250000000e+03
3.463966308593750000e+03
4.580752929687500000e+03
9.350390014648437500e+02
4.717684082031250000e+03
3.955089599609375000e+03
3.980231689453125000e+03
4.530726074218750000e+03
4.644548339843750000e+03
4.721972167968750000e+03
6.550407104492187500e+02
4.091477783203125000e+03
3.978165527343750000e+03
2.936426757812500000e+03
5.162816894531250000e+03
1.704937622070312500e+03
4.888202636718750000e+03
8.012064819335937500e+02
5.725519531250000000e+03
5.000032714843750000e+03
5.585910644531250000e+03
4.045554443359375000e+03
2.127179931640625000e+03
5.379538085937500000e+03
2.308481445312500000e+02
4.627981445312500000e+03
3.222436523437500000e+03
5.775208007812500000e+03
3.295140136718750000e+03
4.747541015625000000e+03
5.176010742187500000e+03
5.958559570312500000e+02
4.216547851562500000e+03
3.872853027343750000e+03
3.067446044921875000e+03
1.380360839843750000e+03
4.388101074218750000e+03
3.661317871093750000e+03
1.830234130859375000e+03
3.442957031250000000e+03
5.324210937500000000e+03
4.790128417968750000e+03
4.610758789062500000e+03
4.450662597656250000e+03
5.243464843750000000e+03
-9.437343750000000000e+02
2.555745605468750000e+03
3.846445556640625000e+03
5.117069335937500000e+03
2.125983642578125000e+03
4.689425292968750000e+03
5.262521972656250000e+03
1.175828247070312500e+03
5.319794921875000000e+03
5.264788574218750000e+03
3.706719726562500000e+03
2.314760742187500000e+03
5.130321777343750000e+03
4.221040039062500000e+03
3.954539184570312500e+02
4.145938964843750000e+03
4.633628906250000000e+03
3.428285888671875000e+03
3.708200927734375000e+03
3.814598876953125000e+03
4.028871826171875000e+03
8.103400878906250000e+02
4.837806152343750000e+03
4.336294433593750000e+03
4.006101318359375000e+03
4.684955078125000000e+03
4.278403320312500000e+03
4.532038085937500000e+03
7.414984130859375000e+02
4.289433105468750000e+03
4.304974609375000000e+03
3.486032958984375000e+03
3.968665283203125000e+03
3.459807128906250000e+03
4.133062500000000000e+03
4.381409606933593750e+02
4.997916503906250000e+03
4.803906250000000000e+03
4.748064941406250000e+03
5.061165039062500000e+03
4.765393554687500000e+03
4.665844726562500000e+03
6.078009643554687500e+02
4.440249511718750000e+03
3.878659423828125000e+03
3.886363525390625000e+03
3.717767822265625000e+03
3.786292968750000000e+03
3.822806152343750000e+03
6.210328979492187500e+02
4.838998535156250000e+03
4.545667480468750000e+03
4.158962890625000000e+03
4.760295410156250000e+03
4.673024414062500000e+03
