3.634854492187500000e+03
5.422182128906250000e+03
2.812799804687500000e+03
4.711782714843750000e+03
5.559744140625000000e+03
7.870311889648437500e+02
5.334673828125000000e+03
4.768929199218750000e+03
5.941893554687500000e+03
3.842156982421875000e+03
4.922524414062500000e+03
4.157174316406250000e+03
1.758200073242187500e+03
4.841713378906250000e+03
3.687610839843750000e+03
3.826838623046875000e+03
3.455347412109375000e+03
3.770096923828125000e+03
4.777461425781250000e+03
-2.144382781982421875e+02
3.641151123046875000e+03
4.094791015625000000e+03
5.434901367187500000e+03
3.015987304687500000e+03
3.613672363281250000e+03
6.356336425781250000e+03
9.108070678710937500e+02
6.103697753906250000e+03
5.519152832031250000e+03
6.554264160156250000e+03
5.947952148437500000e+03
7.116817871093750000e+03
5.793822753906250000e+03
1.657925415039062500e+03
7.262065429687500000e+03
4.582480468750000000e+03
5.793416503906250000e+03
4.781687011718750000e+03
3.765111083984375000e+03
5.628482421875000000e+03
6.246183471679687500e+02
4.918294433593750000e+03
4.410882324218750000e+03
6.630820800781250000e+03
4.287936035156250000e+03
5.676066894531250000e+03
9.862883789062500000e+03
3.213954101562500000e+03
7.940947753906250000e+03
6.777325195312500000e+03
8.529591796875000000e+03
6.341731445312500000e+03
4.588366210937500000e+03
5.556030273437500000e+03
3.284972900390625000e+03
8.030049316406250000e+03
5.591221679687500000e+03
5.659660156250000000e+03
-1.506760375976562500e+03
3.174203369140625000e+03
6.133896484375000000e+03
4.600787963867187500e+02
5.736356445312500000e+03
5.127837890625000000e+03
2.566691650390625000e+03
1.526202270507812500e+03
6.057498046875000000e+03
3.787594238281250000e+03
3.519652709960937500e+02
5.718423339843750000e+03
4.702384277343750000e+03
4.677797363281250000e+03
4.086425292968750000e+03
4.152214843750000000e+03
4.492388183593750000e+03
1.884314941406250000e+03
4.975492675781250000e+03
3.922006835937500000e+03
4.351143066406250000e+03
3.253672363281250000e+03
3.386448242187500000e+03
4.439164550781250000e+03
4.221875000000000000e+02
3.586884765625000000e+03
3.748515380859375000e+03
4.365443359375000000e+03
2.332835937500000000e+03
3.726317871093750000e+03
5.440746093750000000e+03
5.825097656250000000e+02
4.776556640625000000e+03
4.609007324218750000e+03
5.742992675781250000e+03
4.260897949218750000e+03
5.402884277343750000e+03
4.491928710937500000e+03
1.483759521484375000e+03
5.800364746093750000e+03
3.892895507812500000e+03
4.516765136718750000e+03
3.671167480468750000e+03
4.263639648437500000e+03
4.255252441406250000e+03
1.511435913085937500e+03
3.692210449218750000e+03
3.754818847656250000e+03
4.783952148437500000e+03
3.654045410156250000e+03
4.291906738281250000e+03
4.292207031250000000e+03
1.036839233398437500e+03
4.178734863281250000e+03
3.817740966796875000e+03
4.274223144531250000e+03
3.067747314453125000e+03
3.402941162109375000e+03
4.650138183593750000e+03
6.529242553710937500e+02
4.216577636718750000e+03
4.159008300781250000e+03
5.756206054687500000e+03
3.565169189453125000e+03
4.988229980468750000e+03
4.700956542968750000e+03
1.753104125976562500e+03
5.508032226562500000e+03
3.979490966796875000e+03
4.953736816406250000e+03
3.805240478515625000e+03
3.920928955078125000e+03
4.635149414062500000e+03
8.805744628906250000e+02
4.216200683593750000e+03
5.116910156250000000e+03
4.553870605468750000e+03
2.813140869140625000e+03
4.534329589843750000e+03
4.534286132812500000e+03
8.839378662109375000e+02
4.935719238281250000e+03
3.392889648437500000e+03
3.721458496093750000e+03
2.989976318359375000e+03
2.314561279296875000e+03
4.471285644531250000e+03
4.524524230957031250e+02
5.326911621093750000e+03
4.097649902343750000e+03
4.032759277343750000e+03
7.893794433593750000e+03
3.028773681640625000e+03
2.581154052734375000e+03
3.508044921875000000e+03
5.956563476562500000e+03
2.925920654296875000e+03
6.503103027343750000e+03
2.982088378906250000e+03
1.882729736328125000e+03
6.989992675781250000e+03
-5.424982299804687500e+02
1.322990844726562500e+03
5.382382812500000000e+03
6.060737792968750000e+03
1.391448852539062500e+03
3.978427734375000000e+03
5.037852539062500000e+03
1.132958496093750000e+03
5.113186035156250000e+03
3.353722656250000000e+03
3.767919677734375000e+03
2.969701660156250000e+03
3.137448242187500000e+03
4.064542236328125000e+03
3.436539916992187500e+02
5.071966796875000000e+03
3.405501708984375000e+03
2.678803710937500000e+03
5.373943847656250000e+03
2.320578613281250000e+03
3.464175537109375000e+03
4.255699157714843750e+02
5.850258789062500000e+03
4.068486816406250000e+03
7.101305175781250000e+03
3.146827636718750000e+03
2.873295166015625000e+03
6.217191406250000000e+03
2.966450439453125000e+03
4.375689453125000000e+03
2.196759521484375000e+03
7.099583496093750000e+03
1.798901489257812500e+03
2.993453369140625000e+03
4.083479736328125000e+03
1.396477172851562500e+03
3.377539794921875000e+03
5.025716796875000000e+03
4.475930664062500000e+03
2.097884521484375000e+03
4.603717285156250000e+03
2.782413574218750000e+03
2.129594726562500000e+03
3.432673583984375000e+03
3.293974609375000000e+03
3.450922607421875000e+03
3.335616699218750000e+03
3.547425537109375000e+03
5.296212890625000000e+03
6.243486328125000000e+02
2.473060546875000000e+03
3.602188720703125000e+03
7.627950683593750000e+03
1.721289184570312500e+03
3.587812011718750000e+03
4.895615722656250000e+03
1.556435546875000000e+03
4.782198242187500000e+03
5.494770507812500000e+03
3.422114013671875000e+03
1.190628295898437500e+03
5.155871093750000000e+03
4.298896484375000000e+03
-1.159908981323242188e+02
4.063383056640625000e+03
5.299150390625000000e+03
3.836949951171875000e+03
3.374768066406250000e+03
4.083524414062500000e+03
4.242506347656250000e+03
1.399203735351562500e+03
5.138492187500000000e+03
3.721319580078125000e+03
3.909270507812500000e+03
3.332447998046875000e+03
2.902416748046875000e+03
3.455747802734375000e+03
6.343560791015625000e+02
3.931209228515625000e+03
3.919358886718750000e+03
4.648423339843750000e+03
3.701308837890625000e+03
3.810145263671875000e+03
4.538795898437500000e+03
1.204245361328125000e+03
5.403330078125000000e+03
4.582448242187500000e+03
4.905405273437500000e+03
3.466226074218750000e+03
4.148167480468750000e+03
4.127771484375000000e+03
8.495015258789062500e+02
4.233473632812500000e+03
3.868113037109375000e+03
5.218847656250000000e+03
3.448167480468750000e+03
3.843231933593750000e+03
4.137358886718750000e+03
1.376679199218750000e+03
4.948566894531250000e+03
4.027796386718750000e+03
4.179478027343750000e+03
3.120352539062500000e+03
3.643634521484375000e+03
