3.666060791015625000e+03
3.814787841796875000e+03
3.607335205078125000e+03
4.592375488281250000e+03
5.497336425781250000e+03
4.226397705078125000e+02
5.577431152343750000e+03
4.559142089843750000e+03
4.704356933593750000e+03
4.042033203125000000e+03
4.777765136718750000e+03
4.309663085937500000e+03
1.049269775390625000e+03
4.515979003906250000e+03
4.127960937500000000e+03
3.479997558593750000e+03
4.617914550781250000e+03
4.698083007812500000e+03
5.452497558593750000e+03
9.079547119140625000e+01
4.158929687500000000e+03
4.567333007812500000e+03
4.134020507812500000e+03
4.398815917968750000e+03
4.549388671875000000e+03
6.439015136718750000e+03
5.948504028320312500e+02
6.166786621093750000e+03
5.260707031250000000e+03
4.831264160156250000e+03
6.167287597656250000e+03
6.249124023437500000e+03
5.573671386718750000e+03
8.393502807617187500e+02
6.400412597656250000e+03
5.151705078125000000e+03
5.245726562500000000e+03
6.174258789062500000e+03
5.147054199218750000e+03
6.757181152343750000e+03
4.529837036132812500e+02
5.115511230468750000e+03
4.968843261718750000e+03
4.833154296875000000e+03
5.042112792968750000e+03
4.882302246093750000e+03
7.393657226562500000e+03
3.078350830078125000e+02
6.704050781250000000e+03
6.613216308593750000e+03
6.168478027343750000e+03
5.934036132812500000e+03
4.250437011718750000e+03
6.341255371093750000e+03
1.759303710937500000e+03
7.992813964843750000e+03
6.089651855468750000e+03
3.222926025390625000e+03
-1.029445434570312500e+03
3.105834228515625000e+03
5.472357421875000000e+03
-5.386640625000000000e+02
6.105902343750000000e+03
5.136435058593750000e+03
2.541100097656250000e+03
2.557667724609375000e+03
5.222393554687500000e+03
3.982312011718750000e+03
1.182868652343750000e+02
5.516735839843750000e+03
5.003320312500000000e+03
4.057329833984375000e+03
3.903457031250000000e+03
3.764136474609375000e+03
4.266200195312500000e+03
8.139490966796875000e+02
4.464175292968750000e+03
4.184619628906250000e+03
3.749803955078125000e+03
4.096616210937500000e+03
4.069627197265625000e+03
5.050220703125000000e+03
4.222544250488281250e+02
3.828784179687500000e+03
4.064251708984375000e+03
3.318477294921875000e+03
3.422180419921875000e+03
3.942828369140625000e+03
5.222415039062500000e+03
1.619037322998046875e+02
4.860229003906250000e+03
4.382030273437500000e+03
4.293135253906250000e+03
4.580946289062500000e+03
4.960756835937500000e+03
4.542764648437500000e+03
8.789861450195312500e+02
5.392522949218750000e+03
3.887084472656250000e+03
3.840544677734375000e+03
4.210687988281250000e+03
4.668963867187500000e+03
4.603978027343750000e+03
7.224569091796875000e+02
3.524847167968750000e+03
3.560697998046875000e+03
3.485273193359375000e+03
3.817677978515625000e+03
4.397779296875000000e+03
4.398435546875000000e+03
7.750571289062500000e+02
4.176543457031250000e+03
4.324808593750000000e+03
3.782798095703125000e+03
4.219495605468750000e+03
4.211654785156250000e+03
5.129560058593750000e+03
2.192434234619140625e+02
4.217663085937500000e+03
3.925345458984375000e+03
4.113642578125000000e+03
3.649508789062500000e+03
4.576316894531250000e+03
4.487951171875000000e+03
9.201566772460937500e+02
5.119388671875000000e+03
4.441768554687500000e+03
4.534838867187500000e+03
4.411058593750000000e+03
4.458136718750000000e+03
4.890491210937500000e+03
2.267690124511718750e+02
3.966223632812500000e+03
4.362556640625000000e+03
3.053714599609375000e+03
3.145529541015625000e+03
4.089585205078125000e+03
4.340813476562500000e+03
8.239556274414062500e+02
4.777469238281250000e+03
4.110052734375000000e+03
3.752484375000000000e+03
4.589200683593750000e+03
3.637707275390625000e+03
4.734307128906250000e+03
3.355052185058593750e+02
4.351169921875000000e+03
3.771775878906250000e+03
2.843526611328125000e+03
6.270561523437500000e+03
1.811158203125000000e+03
3.754564697265625000e+03
2.346937500000000000e+03
4.509448242187500000e+03
4.877397949218750000e+03
6.075962890625000000e+03
3.982857910156250000e+03
2.808762939453125000e+03
6.555677246093750000e+03
-1.184728881835937500e+03
1.690833251953125000e+03
4.476603027343750000e+03
4.124297363281250000e+03
2.551047607421875000e+03
3.490643798828125000e+03
4.676628417968750000e+03
8.293198852539062500e+02
4.624936035156250000e+03
3.653150878906250000e+03
3.560971191406250000e+03
4.242831054687500000e+03
4.190667968750000000e+03
4.485355957031250000e+03
4.772869262695312500e+02
4.207748535156250000e+03
3.735020996093750000e+03
2.296166259765625000e+03
5.382719238281250000e+03
1.630691772460937500e+03
4.389110839843750000e+03
5.285451049804687500e+02
5.504103027343750000e+03
4.815105957031250000e+03
5.719267089843750000e+03
3.769517822265625000e+03
2.217786376953125000e+03
5.571937988281250000e+03
7.676315307617187500e+02
4.084606201171875000e+03
2.772070068359375000e+03
5.949568359375000000e+03
2.951779296875000000e+03
4.190203613281250000e+03
4.914335937500000000e+03
6.135444946289062500e+02
3.913080078125000000e+03
4.069941894531250000e+03
2.972067382812500000e+03
1.492494140625000000e+03
4.275978027343750000e+03
3.174175048828125000e+03
1.728442749023437500e+03
3.319580322265625000e+03
4.764938964843750000e+03
4.136734375000000000e+03
4.358836425781250000e+03
4.230663085937500000e+03
5.331667968750000000e+03
-8.759484863281250000e+02
2.334257324218750000e+03
3.524815429687500000e+03
5.485315429687500000e+03
1.768311889648437500e+03
4.318186523437500000e+03
5.163287109375000000e+03
1.094419677734375000e+03
5.152480468750000000e+03
5.311233886718750000e+03
3.111462158203125000e+03
2.120922851562500000e+03
5.125642578125000000e+03
4.173386718750000000e+03
-1.451621856689453125e+02
4.006732421875000000e+03
4.787821777343750000e+03
3.135612060546875000e+03
3.598003906250000000e+03
3.757140136718750000e+03
3.922466552734375000e+03
8.151542968750000000e+02
4.715858886718750000e+03
4.049328125000000000e+03
3.645117919921875000e+03
4.428093750000000000e+03
3.862651123046875000e+03
4.185676269531250000e+03
6.083880004882812500e+02
4.016781982421875000e+03
4.099105468750000000e+03
3.397524658203125000e+03
3.888338378906250000e+03
3.402667968750000000e+03
4.081354736328125000e+03
4.253812866210937500e+02
4.899327636718750000e+03
4.626444335937500000e+03
4.444056640625000000e+03
4.718994140625000000e+03
4.615927734375000000e+03
4.512334472656250000e+03
5.407179565429687500e+02
4.173448730468750000e+03
3.730165771484375000e+03
3.868037109375000000e+03
3.627933837890625000e+03
3.633002685546875000e+03
3.784352783203125000e+03
6.314674072265625000e+02
4.677775390625000000e+03
4.266050292968750000e+03
3.792916503906250000e+03
4.444875488281250000e+03
4.363077148437500000e+03
