3.733624511718750000e+03
4.130318847656250000e+03
3.505654052734375000e+03
4.652851074218750000e+03
5.568160644531250000e+03
5.365852050781250000e+02
5.556236328125000000e+03
4.720691406250000000e+03
4.911597656250000000e+03
4.192125976562500000e+03
4.858987304687500000e+03
4.282809082031250000e+03
1.309540283203125000e+03
4.673712890625000000e+03
4.016673095703125000e+03
3.342015625000000000e+03
4.450929687500000000e+03
4.401566894531250000e+03
5.288934082031250000e+03
-2.316687774658203125e+01
4.017010498046875000e+03
4.487431640625000000e+03
4.329201660156250000e+03
4.110717773437500000e+03
4.233638671875000000e+03
6.498808105468750000e+03
7.491965942382812500e+02
6.190084960937500000e+03
5.444389648437500000e+03
5.143106445312500000e+03
6.404639648437500000e+03
6.610693847656250000e+03
5.680969726562500000e+03
1.183693481445312500e+03
6.784285644531250000e+03
5.028887695312500000e+03
5.141176269531250000e+03
6.015347167968750000e+03
4.705646972656250000e+03
6.493786132812500000e+03
5.602056274414062500e+02
5.054178710937500000e+03
4.883780273437500000e+03
5.136762207031250000e+03
5.055844726562500000e+03
5.174853027343750000e+03
8.350503906250000000e+03
1.312831542968750000e+03
7.124205078125000000e+03
6.828554687500000000e+03
6.690358886718750000e+03
6.504530761718750000e+03
4.437795898437500000e+03
6.050340332031250000e+03
2.306320068359375000e+03
8.088688476562500000e+03
6.076330078125000000e+03
3.811504150390625000e+03
-9.583246459960937500e+02
3.204367675781250000e+03
5.606526855468750000e+03
-4.560270080566406250e+02
6.064764648437500000e+03
5.321394042968750000e+03
2.290642822265625000e+03
2.494701171875000000e+03
5.565843750000000000e+03
3.828968017578125000e+03
7.153723907470703125e+01
5.716692382812500000e+03
5.005676269531250000e+03
4.038829589843750000e+03
4.214260742187500000e+03
3.906507568359375000e+03
4.356775878906250000e+03
1.169130004882812500e+03
4.642134277343750000e+03
4.165765625000000000e+03
3.735632080078125000e+03
4.009777343750000000e+03
3.878638427734375000e+03
4.873306640625000000e+03
4.197281494140625000e+02
3.748708496093750000e+03
4.045796875000000000e+03
3.443312500000000000e+03
3.193088378906250000e+03
3.886189453125000000e+03
5.344269042968750000e+03
2.920896301269531250e+02
4.861696289062500000e+03
4.523080078125000000e+03
4.578874023437500000e+03
4.687034179687500000e+03
5.148450195312500000e+03
4.548058105468750000e+03
1.115409423828125000e+03
5.609513671875000000e+03
3.916348876953125000e+03
3.838583984375000000e+03
4.248091796875000000e+03
4.551477539062500000e+03
4.523915039062500000e+03
1.008866394042968750e+03
3.603343017578125000e+03
3.663022216796875000e+03
3.704497558593750000e+03
3.905805664062500000e+03
4.389447265625000000e+03
4.385175292968750000e+03
8.827387695312500000e+02
4.227413574218750000e+03
4.196299804687500000e+03
3.728843261718750000e+03
3.999270019531250000e+03
3.977657958984375000e+03
5.030403320312500000e+03
3.541812438964843750e+02
4.257088867187500000e+03
4.034771972656250000e+03
4.461714355468750000e+03
3.781209960937500000e+03
4.760190917968750000e+03
4.595416015625000000e+03
1.196438354492187500e+03
5.320689941406250000e+03
4.326821289062500000e+03
4.454214355468750000e+03
4.449978027343750000e+03
4.308839355468750000e+03
4.876927734375000000e+03
4.142138671875000000e+02
4.069486083984375000e+03
4.700531738281250000e+03
3.312459228515625000e+03
3.178026855468750000e+03
4.289489257812500000e+03
4.416053710937500000e+03
8.405397949218750000e+02
4.850781738281250000e+03
3.930782470703125000e+03
3.536233398437500000e+03
4.267573730468750000e+03
3.185361328125000000e+03
4.699572753906250000e+03
3.948969421386718750e+02
4.646876464843750000e+03
3.975381835937500000e+03
2.939877441406250000e+03
7.104477539062500000e+03
2.234789550781250000e+03
3.287653808593750000e+03
2.871249755859375000e+03
4.911028808593750000e+03
4.340339355468750000e+03
6.067135742187500000e+03
3.757626220703125000e+03
2.634384033203125000e+03
6.851741699218750000e+03
-1.054317382812500000e+03
1.393047485351562500e+03
4.966514648437500000e+03
4.575277343750000000e+03
2.166663085937500000e+03
3.735520263671875000e+03
4.870391601562500000e+03
9.119865722656250000e+02
4.814604003906250000e+03
3.584085205078125000e+03
3.424204101562500000e+03
4.029995605468750000e+03
3.842910400390625000e+03
4.386089355468750000e+03
4.321556396484375000e+02
4.496099121093750000e+03
3.723825927734375000e+03
2.107172363281250000e+03
5.648102539062500000e+03
1.826837036132812500e+03
4.089880371093750000e+03
5.089449462890625000e+02
5.538250488281250000e+03
4.707859375000000000e+03
6.037411132812500000e+03
3.729997802734375000e+03
2.483683837890625000e+03
5.887899902343750000e+03
1.511570556640625000e+03
4.063777343750000000e+03
2.631211181640625000e+03
6.226208007812500000e+03
2.735531494140625000e+03
3.785897705078125000e+03
4.720874511718750000e+03
8.057189941406250000e+02
3.798239501953125000e+03
4.469891113281250000e+03
3.237057373046875000e+03
1.812957641601562500e+03
4.455478515625000000e+03
2.993727539062500000e+03
1.804455688476562500e+03
3.434705810546875000e+03
4.317516601562500000e+03
3.709330322265625000e+03
4.165866210937500000e+03
4.093916015625000000e+03
5.416602539062500000e+03
-4.816107177734375000e+02
2.442292480468750000e+03
3.534806152343750000e+03
6.062068847656250000e+03
1.779672607421875000e+03
4.143062500000000000e+03
5.173795898437500000e+03
1.167381958007812500e+03
5.139752929687500000e+03
5.471810546875000000e+03
2.936582519531250000e+03
2.021951049804687500e+03
5.211168945312500000e+03
4.249522949218750000e+03
-2.983402099609375000e+02
4.106188476562500000e+03
5.044568359375000000e+03
3.149959960937500000e+03
3.694989013671875000e+03
3.902370361328125000e+03
4.024315917968750000e+03
1.028607910156250000e+03
4.869685058593750000e+03
3.970760009765625000e+03
3.544007080078125000e+03
4.270168945312500000e+03
3.566831298828125000e+03
3.949569580078125000e+03
6.398590087890625000e+02
3.978014648437500000e+03
4.078228515625000000e+03
3.617812255859375000e+03
3.996387695312500000e+03
3.567877441406250000e+03
4.250936523437500000e+03
6.864258422851562500e+02
5.075804199218750000e+03
4.654682617187500000e+03
4.415236816406250000e+03
4.500167968750000000e+03
4.532646972656250000e+03
4.434751953125000000e+03
6.597721557617187500e+02
4.192463867187500000e+03
3.793858642578125000e+03
4.138197265625000000e+03
3.740340820312500000e+03
3.707696044921875000e+03
3.936376953125000000e+03
8.795596313476562500e+02
4.788346679687500000e+03
4.204314453125000000e+03
3.722843994140625000e+03
4.222199218750000000e+03
4.148460449218750000e+03
