3.774744140625000000e+03
3.839059082031250000e+03
3.840125976562500000e+03
4.701771972656250000e+03
5.580512207031250000e+03
5.120526123046875000e+02
5.771263671875000000e+03
4.597010742187500000e+03
4.761907714843750000e+03
4.090600585937500000e+03
4.886475097656250000e+03
4.465516113281250000e+03
1.036252807617187500e+03
4.601892089843750000e+03
4.352382324218750000e+03
3.787999511718750000e+03
4.837711914062500000e+03
5.003423339843750000e+03
5.632773437500000000e+03
3.324961547851562500e+02
4.435796875000000000e+03
4.740864257812500000e+03
4.215150878906250000e+03
4.770258300781250000e+03
4.913581054687500000e+03
6.500692382812500000e+03
6.489414672851562500e+02
6.354416992187500000e+03
5.322375000000000000e+03
4.884351562500000000e+03
6.153968261718750000e+03
6.193340332031250000e+03
5.679374511718750000e+03
7.917359619140625000e+02
6.365296386718750000e+03
5.402628417968750000e+03
5.545061035156250000e+03
6.403462402343750000e+03
5.554167480468750000e+03
6.986014648437500000e+03
5.375939941406250000e+02
5.374763671875000000e+03
5.183858886718750000e+03
4.900795898437500000e+03
5.240132812500000000e+03
4.903251464843750000e+03
6.911298339843750000e+03
-1.185031509399414062e+02
6.758666015625000000e+03
6.712109863281250000e+03
6.065083984375000000e+03
5.669406250000000000e+03
4.320426269531250000e+03
6.662042968750000000e+03
1.551062866210937500e+03
8.125297851562500000e+03
6.209956054687500000e+03
3.057589599609375000e+03
-8.981622924804687500e+02
3.171554199218750000e+03
5.584369628906250000e+03
-3.211093750000000000e+02
6.307493164062500000e+03
5.116066406250000000e+03
2.868111083984375000e+03
2.669492431640625000e+03
5.148105468750000000e+03
4.260710937500000000e+03
3.720242614746093750e+02
5.549729003906250000e+03
5.098785156250000000e+03
4.252568359375000000e+03
3.830802978515625000e+03
3.837165771484375000e+03
4.359880371093750000e+03
7.630634765625000000e+02
4.552811523437500000e+03
4.348497558593750000e+03
3.951412109375000000e+03
4.266536132812500000e+03
4.300756835937500000e+03
5.260211425781250000e+03
5.765927124023437500e+02
4.057274414062500000e+03
4.191758789062500000e+03
3.441970947265625000e+03
3.736616455078125000e+03
4.123180664062500000e+03
5.251638183593750000e+03
2.518580474853515625e+02
5.052973632812500000e+03
4.448929687500000000e+03
4.312147949218750000e+03
4.653615234375000000e+03
4.996482910156250000e+03
4.683753906250000000e+03
8.786213989257812500e+02
5.427265625000000000e+03
4.030303466796875000e+03
4.050925292968750000e+03
4.313558105468750000e+03
4.875966308593750000e+03
4.756756835937500000e+03
6.919821777343750000e+02
3.666822021484375000e+03
3.655800048828125000e+03
3.562928710937500000e+03
3.917983886718750000e+03
4.555229492187500000e+03
4.533352050781250000e+03
8.441225585937500000e+02
4.311109375000000000e+03
4.545686523437500000e+03
4.007909179687500000e+03
4.494967773437500000e+03
4.482327148437500000e+03
5.270585937500000000e+03
2.895818786621093750e+02
4.376016113281250000e+03
4.026863769531250000e+03
4.105682617187500000e+03
3.732894775390625000e+03
4.624484375000000000e+03
4.566277343750000000e+03
8.951137695312500000e+02
5.177005859375000000e+03
4.674649414062500000e+03
4.782177246093750000e+03
4.491072265625000000e+03
4.668792480468750000e+03
4.990194824218750000e+03
2.922093505859375000e+02
4.082436279296875000e+03
4.294574707031250000e+03
3.133840087890625000e+03
3.291699951171875000e+03
4.105644531250000000e+03
4.431784179687500000e+03
9.613223266601562500e+02
4.915039550781250000e+03
4.348914550781250000e+03
4.053247558593750000e+03
4.897658203125000000e+03
4.041806152343750000e+03
4.858023925781250000e+03
4.236503295898437500e+02
4.337562500000000000e+03
3.866499267578125000e+03
3.027636474609375000e+03
5.816279785156250000e+03
1.780611083984375000e+03
4.258555664062500000e+03
2.117325195312500000e+03
4.461121582031250000e+03
5.331916992187500000e+03
6.253059082031250000e+03
4.266861328125000000e+03
2.941109619140625000e+03
6.431422851562500000e+03
-1.045490478515625000e+03
2.131772216796875000e+03
4.297936523437500000e+03
4.030021240234375000e+03
2.991194824218750000e+03
3.491860107421875000e+03
4.649459472656250000e+03
9.127122802734375000e+02
4.695088867187500000e+03
3.856172851562500000e+03
3.831815185546875000e+03
4.470708007812500000e+03
4.515982421875000000e+03
4.659055664062500000e+03
6.296707763671875000e+02
4.172923339843750000e+03
3.906925048828125000e+03
2.670572265625000000e+03
5.300854980468750000e+03
1.683875976562500000e+03
4.717739746093750000e+03
7.085670776367187500e+02
5.674282714843750000e+03
4.983867675781250000e+03
5.676282714843750000e+03
3.955370361328125000e+03
2.189406005859375000e+03
5.486604492187500000e+03
4.586281738281250000e+02
4.392997558593750000e+03
3.051002929687500000e+03
5.895118652343750000e+03
3.197006103515625000e+03
4.575155273437500000e+03
5.114098144531250000e+03
6.383817138671875000e+02
4.135780273437500000e+03
3.969573730468750000e+03
3.025838867187500000e+03
1.438740966796875000e+03
4.349006835937500000e+03
3.460285888671875000e+03
1.816303222656250000e+03
3.415126464843750000e+03
5.158592773437500000e+03
4.557765136718750000e+03
4.576756347656250000e+03
4.414996582031250000e+03
5.333093750000000000e+03
-9.239407348632812500e+02
2.479395751953125000e+03
3.721770263671875000e+03
5.286179199218750000e+03
1.980692382812500000e+03
4.573532226562500000e+03
5.252144531250000000e+03
1.179173217773437500e+03
5.299437011718750000e+03
5.326158691406250000e+03
3.463503173828125000e+03
2.285930908203125000e+03
5.179026855468750000e+03
4.232750488281250000e+03
1.814642333984375000e+02
4.117259765625000000e+03
4.740412597656250000e+03
3.319554687500000000e+03
3.690325683593750000e+03
3.812484130859375000e+03
4.000053710937500000e+03
8.336314697265625000e+02
4.807319335937500000e+03
4.248961425781250000e+03
3.885792480468750000e+03
4.632024414062500000e+03
4.159658691406250000e+03
4.433891113281250000e+03
7.266578369140625000e+02
4.215593261718750000e+03
4.258053222656250000e+03
3.464223144531250000e+03
3.966897216796875000e+03
3.454592529296875000e+03
4.123919433593750000e+03
4.425980834960937500e+02
4.980863281250000000e+03
4.762956054687500000e+03
4.652068359375000000e+03
4.972997558593750000e+03
4.760646484375000000e+03
4.649812500000000000e+03
6.139396972656250000e+02
4.359483398437500000e+03
3.849672607421875000e+03
3.897536621093750000e+03
3.709202148437500000e+03
3.744493896484375000e+03
3.822107666015625000e+03
6.428204956054687500e+02
4.794850097656250000e+03
4.462123046875000000e+03
4.032249755859375000e+03
4.688937988281250000e+03
4.600634765625000000e+03
