3.749532470703125000e+03
4.575885253906250000e+03
3.298196533203125000e+03
4.700890625000000000e+03
5.609319824218750000e+03
6.512137451171875000e+02
5.493143066406250000e+03
4.802410156250000000e+03
5.257419921875000000e+03
4.141534179687500000e+03
4.916070800781250000e+03
4.268349609375000000e+03
1.511021850585937500e+03
4.765099609375000000e+03
3.927373291015625000e+03
3.455059814453125000e+03
4.132213378906250000e+03
4.169041503906250000e+03
5.125178710937500000e+03
-9.172853851318359375e+01
3.873934326171875000e+03
4.383366699218750000e+03
4.692091308593750000e+03
3.741086425781250000e+03
4.004225585937500000e+03
6.491503417968750000e+03
8.473010864257812500e+02
6.175643066406250000e+03
5.543494140625000000e+03
5.620672851562500000e+03
6.344106933593750000e+03
6.866591796875000000e+03
5.772817382812500000e+03
1.422153076171875000e+03
7.019002929687500000e+03
4.914974609375000000e+03
5.309900390625000000e+03
5.635578125000000000e+03
4.352670898437500000e+03
6.204752929687500000e+03
6.151910400390625000e+02
4.993779296875000000e+03
4.759640136718750000e+03
5.632592285156250000e+03
4.843674316406250000e+03
5.399817871093750000e+03
9.027082031250000000e+03
2.119013183593750000e+03
7.472961425781250000e+03
6.919392578125000000e+03
7.353431640625000000e+03
6.610389160156250000e+03
4.555268066406250000e+03
5.881191406250000000e+03
2.718436767578125000e+03
8.084293457031250000e+03
5.972361816406250000e+03
4.476125976562500000e+03
-1.086344604492187500e+03
3.231611328125000000e+03
5.815242187500000000e+03
-1.757282104492187500e+02
5.949717285156250000e+03
5.342414550781250000e+03
2.321952148437500000e+03
2.215555908203125000e+03
5.805155761718750000e+03
3.811295166015625000e+03
1.478697967529296875e+02
5.762685058593750000e+03
4.946092285156250000e+03
4.226103027343750000e+03
4.259955566406250000e+03
4.029458496093750000e+03
4.443254394531250000e+03
1.470909912109375000e+03
4.785042968750000000e+03
4.121845214843750000e+03
3.917012939453125000e+03
3.783408935546875000e+03
3.710938720703125000e+03
4.729505371093750000e+03
4.309925537109375000e+02
3.681137695312500000e+03
3.980965332031250000e+03
3.738166992187500000e+03
2.902390136718750000e+03
3.842253906250000000e+03
5.419807128906250000e+03
4.208797912597656250e+02
4.842846679687500000e+03
4.610655761718750000e+03
4.980931640625000000e+03
4.605241699218750000e+03
5.287705078125000000e+03
4.562272949218750000e+03
1.291626220703125000e+03
5.722490234375000000e+03
3.947790771484375000e+03
4.036878906250000000e+03
4.100599609375000000e+03
4.457098632812500000e+03
4.450039062500000000e+03
1.227817016601562500e+03
3.651624755859375000e+03
3.736885253906250000e+03
4.068775390625000000e+03
3.863251708984375000e+03
4.377981445312500000e+03
4.381200195312500000e+03
9.674665527343750000e+02
4.231850585937500000e+03
4.088475097656250000e+03
3.878847656250000000e+03
3.689195068359375000e+03
3.773708984375000000e+03
4.917205078125000000e+03
4.818723754882812500e+02
4.254346191406250000e+03
4.121060058593750000e+03
4.914825195312500000e+03
3.762799560546875000e+03
4.887567382812500000e+03
4.680375000000000000e+03
1.438227050781250000e+03
5.430395507812500000e+03
4.235455078125000000e+03
4.585971679687500000e+03
4.282205566406250000e+03
4.180255371093750000e+03
4.826235351562500000e+03
6.001824951171875000e+02
4.135675781250000000e+03
4.919944824218750000e+03
3.734069580078125000e+03
3.092601806640625000e+03
4.424832031250000000e+03
4.493279785156250000e+03
8.747736816406250000e+02
4.898519042968750000e+03
3.766126220703125000e+03
3.545192871093750000e+03
3.838785644531250000e+03
2.847839843750000000e+03
4.630454101562500000e+03
4.378953247070312500e+02
4.906247558593750000e+03
4.074303222656250000e+03
3.283861816406250000e+03
7.533526367187500000e+03
2.589503906250000000e+03
3.011854980468750000e+03
3.200047119140625000e+03
5.306633300781250000e+03
3.844675537109375000e+03
6.200465332031250000e+03
3.493700195312500000e+03
2.384148925781250000e+03
6.979802246093750000e+03
-8.552001953125000000e+02
1.294084716796875000e+03
5.214918945312500000e+03
5.107023925781250000e+03
1.871217651367187500e+03
3.875459716796875000e+03
4.985627929687500000e+03
1.015870605468750000e+03
4.952611328125000000e+03
3.534602783203125000e+03
3.498903320312500000e+03
3.689737060546875000e+03
3.578338378906250000e+03
4.280623046875000000e+03
4.074881286621093750e+02
4.724721679687500000e+03
3.653078857421875000e+03
2.234479980468750000e+03
5.637691894531250000e+03
2.035066528320312500e+03
3.863628417968750000e+03
5.037207946777343750e+02
5.630788085937500000e+03
4.523621093750000000e+03
6.418300781250000000e+03
3.575893554687500000e+03
2.666080078125000000e+03
6.081858398437500000e+03
2.124367431640625000e+03
4.154474121093750000e+03
2.509306640625000000e+03
6.541908691406250000e+03
2.437550048828125000e+03
3.477092529296875000e+03
4.517119628906250000e+03
1.021034790039062500e+03
3.648301757812500000e+03
4.736885253906250000e+03
3.661902832031250000e+03
1.978207641601562500e+03
4.557538574218750000e+03
2.927989501953125000e+03
1.926348632812500000e+03
3.468360351562500000e+03
3.948068115234375000e+03
3.549754638671875000e+03
3.882963623046875000e+03
3.909537353515625000e+03
5.423159179687500000e+03
-5.950579071044921875e+01
2.473319335937500000e+03
3.585470458984375000e+03
6.649659667968750000e+03
1.779348876953125000e+03
3.961862060546875000e+03
5.128396484375000000e+03
1.307722290039062500e+03
5.038766113281250000e+03
5.545812988281250000e+03
3.046988769531250000e+03
1.765495727539062500e+03
5.228830566406250000e+03
4.307200195312500000e+03
-2.753999328613281250e+02
4.117119140625000000e+03
5.196034667968750000e+03
3.359140869140625000e+03
3.635595458984375000e+03
4.008367919921875000e+03
4.133435058593750000e+03
1.199738769531250000e+03
4.990553710937500000e+03
3.911640869140625000e+03
3.632745849609375000e+03
3.977075195312500000e+03
3.327364013671875000e+03
3.770646484375000000e+03
6.534517211914062500e+02
3.953415039062500000e+03
4.047636474609375000e+03
3.963653564453125000e+03
3.945810546875000000e+03
3.696434814453125000e+03
4.397047363281250000e+03
9.138902587890625000e+02
5.219076660156250000e+03
4.673034179687500000e+03
4.557431640625000000e+03
4.168597167968750000e+03
4.421484863281250000e+03
4.350609863281250000e+03
7.533067016601562500e+02
4.209862792968750000e+03
3.850933593750000000e+03
4.508250976562500000e+03
3.693265380859375000e+03
3.782972167968750000e+03
4.052611083984375000e+03
1.095014160156250000e+03
4.869098144531250000e+03
4.170916015625000000e+03
3.844003906250000000e+03
3.866445312500000000e+03
3.973239257812500000e+03
