3.826453613281250000e+03
3.905157470703125000e+03
3.857834472656250000e+03
4.753760742187500000e+03
5.646874511718750000e+03
5.636599121093750000e+02
5.784123535156250000e+03
4.677770996093750000e+03
4.824604492187500000e+03
4.179588378906250000e+03
4.945698730468750000e+03
4.500056152343750000e+03
1.121947875976562500e+03
4.647458007812500000e+03
4.368603027343750000e+03
3.759688232421875000e+03
4.875021484375000000e+03
5.002660644531250000e+03
5.686415039062500000e+03
3.357286682128906250e+02
4.419781250000000000e+03
4.786584472656250000e+03
4.285229003906250000e+03
4.758474121093750000e+03
4.897168945312500000e+03
6.595216796875000000e+03
7.321311035156250000e+02
6.386243164062500000e+03
5.409358886718750000e+03
4.958714355468750000e+03
6.295466796875000000e+03
6.331190429687500000e+03
5.749625488281250000e+03
9.082295532226562500e+02
6.473047363281250000e+03
5.435022949218750000e+03
5.547336914062500000e+03
6.468846191406250000e+03
5.543469238281250000e+03
7.044383789062500000e+03
6.216331176757812500e+02
5.382935058593750000e+03
5.236041992187500000e+03
4.988458984375000000e+03
5.295000976562500000e+03
4.984165039062500000e+03
7.178403320312500000e+03
1.293698120117187500e+02
6.835899902343750000e+03
6.789303710937500000e+03
6.195264160156250000e+03
5.889076171875000000e+03
4.381420410156250000e+03
6.656182617187500000e+03
1.727740234375000000e+03
8.187832519531250000e+03
6.290444335937500000e+03
3.180798828125000000e+03
-8.645340576171875000e+02
3.233998291015625000e+03
5.616067382812500000e+03
-3.430000610351562500e+02
6.313791992187500000e+03
5.224949707031250000e+03
2.829073974609375000e+03
2.733593505859375000e+03
5.267273925781250000e+03
4.243177246093750000e+03
3.417311401367187500e+02
5.621392089843750000e+03
5.164400878906250000e+03
4.261935058593750000e+03
3.957486572265625000e+03
3.894101562500000000e+03
4.407589843750000000e+03
8.498787231445312500e+02
4.589539550781250000e+03
4.377125000000000000e+03
3.954441894531250000e+03
4.308150390625000000e+03
4.316430175781250000e+03
5.285047363281250000e+03
6.002758789062500000e+02
4.046502929687500000e+03
4.242702636718750000e+03
3.476570312500000000e+03
3.722024169921875000e+03
4.148047363281250000e+03
5.335638183593750000e+03
2.969752502441406250e+02
5.060638671875000000e+03
4.512593261718750000e+03
4.382958496093750000e+03
4.733154296875000000e+03
5.078545898437500000e+03
4.723099121093750000e+03
9.596343383789062500e+02
5.494099609375000000e+03
4.066210693359375000e+03
4.053024414062500000e+03
4.382487792968750000e+03
4.898852050781250000e+03
4.797336914062500000e+03
7.769868774414062500e+02
3.684959960937500000e+03
3.699988281250000000e+03
3.602822753906250000e+03
3.976519287109375000e+03
4.585508300781250000e+03
4.571036132812500000e+03
8.970051879882812500e+02
4.336244628906250000e+03
4.561250976562500000e+03
4.011020263671875000e+03
4.504229980468750000e+03
4.484318847656250000e+03
5.321705566406250000e+03
3.426394653320312500e+02
4.397133300781250000e+03
4.073198974609375000e+03
4.183795410156250000e+03
3.799594238281250000e+03
4.694243652343750000e+03
4.619244628906250000e+03
9.819982299804687500e+02
5.234198730468750000e+03
4.687827636718750000e+03
4.776575195312500000e+03
4.569671386718750000e+03
4.694391113281250000e+03
5.053730468750000000e+03
3.358676452636718750e+02
4.114498535156250000e+03
4.401431152343750000e+03
3.168029541015625000e+03
3.325604248046875000e+03
4.180233886718750000e+03
4.480690917968750000e+03
9.882617187500000000e+02
4.934673828125000000e+03
4.361981445312500000e+03
4.035260009765625000e+03
4.905929687500000000e+03
4.002653808593750000e+03
4.892626464843750000e+03
4.753058471679687500e+02
4.425721191406250000e+03
3.899206787109375000e+03
3.024325439453125000e+03
6.086471191406250000e+03
1.858891357421875000e+03
4.151911132812500000e+03
2.268373535156250000e+03
4.543082031250000000e+03
5.285282226562500000e+03
6.276863281250000000e+03
4.264562011718750000e+03
3.000046875000000000e+03
6.578530761718750000e+03
-1.028731811523437500e+03
2.015746948242187500e+03
4.441364257812500000e+03
4.134849121093750000e+03
2.909795898437500000e+03
3.564208007812500000e+03
4.739968261718750000e+03
9.558842773437500000e+02
4.736389160156250000e+03
3.867046875000000000e+03
3.811339355468750000e+03
4.497769042968750000e+03
4.502400878906250000e+03
4.673217773437500000e+03
6.508927001953125000e+02
4.264408203125000000e+03
3.936953369140625000e+03
2.602016357421875000e+03
5.431970703125000000e+03
1.735320678710937500e+03
4.690776855468750000e+03
7.140009155273437500e+02
5.687899414062500000e+03
5.026558105468750000e+03
5.780908203125000000e+03
3.988393066406250000e+03
2.269278076171875000e+03
5.600607910156250000e+03
6.474822387695312500e+02
4.331672851562500000e+03
3.029357421875000000e+03
5.999405273437500000e+03
3.211530517578125000e+03
4.530918945312500000e+03
5.135432128906250000e+03
7.021481323242187500e+02
4.136012695312500000e+03
4.071970458984375000e+03
3.063864501953125000e+03
1.539111450195312500e+03
4.397584960937500000e+03
3.429831054687500000e+03
1.849878784179687500e+03
3.446198974609375000e+03
5.119020507812500000e+03
4.494524902343750000e+03
4.611698730468750000e+03
4.438455078125000000e+03
5.431369140625000000e+03
-8.468339233398437500e+02
2.490134277343750000e+03
3.719527343750000000e+03
5.435045410156250000e+03
1.973509521484375000e+03
4.572026855468750000e+03
5.304228027343750000e+03
1.225976196289062500e+03
5.332733398437500000e+03
5.422298339843750000e+03
3.406499023437500000e+03
2.321977539062500000e+03
5.251684082031250000e+03
4.306184082031250000e+03
1.180748443603515625e+02
4.149280273437500000e+03
4.843744628906250000e+03
3.327404296875000000e+03
3.746194580078125000e+03
3.871475097656250000e+03
4.046667480468750000e+03
8.961602783203125000e+02
4.842031250000000000e+03
4.264722656250000000e+03
3.881034179687500000e+03
4.667063476562500000e+03
4.151158691406250000e+03
4.436015625000000000e+03
7.624596557617187500e+02
4.218727050781250000e+03
4.289625000000000000e+03
3.513102539062500000e+03
4.033555175781250000e+03
3.517329589843750000e+03
4.185906738281250000e+03
5.000166015625000000e+02
5.020300781250000000e+03
4.805175292968750000e+03
4.663750488281250000e+03
4.991786132812500000e+03
4.809979980468750000e+03
4.697521484375000000e+03
6.675359497070312500e+02
4.363510253906250000e+03
3.891231933593750000e+03
3.960066894531250000e+03
3.772498046875000000e+03
3.784514404296875000e+03
3.885459228515625000e+03
7.068633422851562500e+02
4.823308593750000000e+03
4.481033691406250000e+03
4.027349609375000000e+03
4.709669433593750000e+03
4.615051757812500000e+03
