3.676130859375000000e+03
5.431482421875000000e+03
2.849034667968750000e+03
4.735217285156250000e+03
5.588635742187500000e+03
8.168674926757812500e+02
5.358220214843750000e+03
4.805244628906250000e+03
5.957171875000000000e+03
3.877398681640625000e+03
4.949806640625000000e+03
4.188811035156250000e+03
1.787688476562500000e+03
4.860790039062500000e+03
3.732131835937500000e+03
3.848970947265625000e+03
3.496535400390625000e+03
3.807380615234375000e+03
4.816692871093750000e+03
-1.747169799804687500e+02
3.665628173828125000e+03
4.145371582031250000e+03
5.452796875000000000e+03
3.060904052734375000e+03
3.650745605468750000e+03
6.389091308593750000e+03
9.482562866210937500e+02
6.128790527343750000e+03
5.563576660156250000e+03
6.567674804687500000e+03
5.989681640625000000e+03
7.143159179687500000e+03
5.825917968750000000e+03
1.696374877929687500e+03
7.282097167968750000e+03
4.639131835937500000e+03
5.821342773437500000e+03
4.834012207031250000e+03
3.812372070312500000e+03
5.679089843750000000e+03
6.727768554687500000e+02
4.946666015625000000e+03
4.473503906250000000e+03
6.648188476562500000e+03
4.327301269531250000e+03
5.692998535156250000e+03
9.874807617187500000e+03
3.241732910156250000e+03
7.955859863281250000e+03
6.822725585937500000e+03
8.534438476562500000e+03
6.372909179687500000e+03
4.614745117187500000e+03
5.605986816406250000e+03
3.322141601562500000e+03
8.055884765625000000e+03
5.640946289062500000e+03
5.663798828125000000e+03
-1.467195678710937500e+03
3.207608886718750000e+03
6.162007324218750000e+03
4.764919738769531250e+02
5.753190429687500000e+03
5.161583496093750000e+03
2.586276367187500000e+03
1.570695068359375000e+03
6.079046875000000000e+03
3.816914550781250000e+03
3.789927978515625000e+02
5.734507324218750000e+03
4.741044921875000000e+03
4.695943847656250000e+03
4.116116210937500000e+03
4.175968750000000000e+03
4.518419921875000000e+03
1.908941040039062500e+03
4.989623046875000000e+03
3.959437011718750000e+03
4.368622070312500000e+03
3.289398681640625000e+03
3.420583251953125000e+03
4.474161621093750000e+03
4.555133361816406250e+02
3.607878906250000000e+03
3.791750000000000000e+03
4.380957031250000000e+03
2.369912109375000000e+03
3.752694091796875000e+03
5.467195800781250000e+03
6.107401733398437500e+02
4.796854492187500000e+03
4.643928710937500000e+03
5.753033691406250000e+03
4.295139160156250000e+03
5.425620117187500000e+03
4.521965332031250000e+03
1.513149536132812500e+03
5.819756347656250000e+03
3.930549316406250000e+03
4.536303710937500000e+03
3.707176269531250000e+03
4.293824707031250000e+03
4.288120117187500000e+03
1.537733642578125000e+03
3.712025634765625000e+03
3.788925048828125000e+03
4.796904785156250000e+03
3.682377929687500000e+03
4.316299804687500000e+03
4.318575683593750000e+03
1.066321533203125000e+03
4.199205566406250000e+03
3.860280517578125000e+03
4.295221191406250000e+03
3.107005859375000000e+03
3.434574707031250000e+03
4.685246582031250000e+03
6.828945312500000000e+02
4.238859375000000000e+03
4.194161132812500000e+03
5.765622558593750000e+03
3.595439697265625000e+03
5.007253906250000000e+03
4.726194824218750000e+03
1.779695434570312500e+03
5.526723144531250000e+03
4.021525390625000000e+03
4.973425781250000000e+03
3.840908447265625000e+03
3.953863037109375000e+03
4.669203613281250000e+03
9.086843261718750000e+02
4.236156250000000000e+03
5.148265625000000000e+03
4.562097656250000000e+03
2.841998535156250000e+03
4.555508300781250000e+03
4.557226562500000000e+03
9.153566284179687500e+02
4.952236328125000000e+03
3.436770019531250000e+03
3.747063232421875000e+03
3.035757324218750000e+03
2.353556884765625000e+03
4.494061035156250000e+03
4.931289978027343750e+02
5.341019042968750000e+03
4.126281250000000000e+03
4.043647705078125000e+03
7.911792480468750000e+03
3.042195068359375000e+03
2.608369140625000000e+03
3.535551757812500000e+03
5.960825683593750000e+03
2.980774169921875000e+03
6.525142089843750000e+03
3.014778320312500000e+03
1.923076293945312500e+03
7.022007324218750000e+03
-5.139432373046875000e+02
1.343837890625000000e+03
5.410202148437500000e+03
6.064055664062500000e+03
1.423799560546875000e+03
3.994017822265625000e+03
5.059138671875000000e+03
1.161410278320312500e+03
5.127264160156250000e+03
3.390530761718750000e+03
3.787391845703125000e+03
3.010976318359375000e+03
3.173446533203125000e+03
4.087541748046875000e+03
3.823133850097656250e+02
5.086649902343750000e+03
3.448490966796875000e+03
2.693338134765625000e+03
5.402754394531250000e+03
2.338622802734375000e+03
3.494846191406250000e+03
4.622367248535156250e+02
5.861450683593750000e+03
4.111937988281250000e+03
7.112212890625000000e+03
3.181123535156250000e+03
2.890045410156250000e+03
6.245951171875000000e+03
2.984673339843750000e+03
4.389358398437500000e+03
2.233417724609375000e+03
7.112308105468750000e+03
1.839084228515625000e+03
3.025393310546875000e+03
4.123404296875000000e+03
1.420277343750000000e+03
3.404894042968750000e+03
5.047083496093750000e+03
4.486576660156250000e+03
2.121574951171875000e+03
4.623307128906250000e+03
2.807483154296875000e+03
2.152416992187500000e+03
3.448396240234375000e+03
3.339086669921875000e+03
3.483440185546875000e+03
3.373069091796875000e+03
3.572783447265625000e+03
5.331556640625000000e+03
6.431650390625000000e+02
2.493827636718750000e+03
3.634472656250000000e+03
7.631098632812500000e+03
1.744432739257812500e+03
3.611598388671875000e+03
4.926932128906250000e+03
1.581356445312500000e+03
4.808754882812500000e+03
5.531865234375000000e+03
3.439990722656250000e+03
1.228425781250000000e+03
5.184152343750000000e+03
4.328126464843750000e+03
-8.846440124511718750e+01
4.081608154296875000e+03
5.329397460937500000e+03
3.853071044921875000e+03
3.402657470703125000e+03
4.104996093750000000e+03
4.263978027343750000e+03
1.425239013671875000e+03
5.153601562500000000e+03
3.758384033203125000e+03
3.930675048828125000e+03
3.370230224609375000e+03
2.937581054687500000e+03
3.489546386718750000e+03
6.679728393554687500e+02
3.952894775390625000e+03
3.957513427734375000e+03
4.659989257812500000e+03
3.729912841796875000e+03
3.831347656250000000e+03
4.559931152343750000e+03
1.227456909179687500e+03
5.418257324218750000e+03
4.618573242187500000e+03
4.924143066406250000e+03
3.505442138671875000e+03
4.179284667968750000e+03
4.162862792968750000e+03
8.822114257812500000e+02
4.255887695312500000e+03
3.903921630859375000e+03
5.230040527343750000e+03
3.476969726562500000e+03
3.864871582031250000e+03
4.160875000000000000e+03
1.401188354492187500e+03
4.965628906250000000e+03
4.066013427734375000e+03
4.196996093750000000e+03
3.160260498046875000e+03
3.676721191406250000e+03
