3.961679687500000000e+03
4.001611328125000000e+03
4.024057128906250000e+03
4.870748535156250000e+03
5.753353515625000000e+03
6.963557128906250000e+02
5.937299804687500000e+03
4.775211425781250000e+03
4.930757324218750000e+03
4.263052246093750000e+03
5.063122558593750000e+03
4.647281250000000000e+03
1.209564331054687500e+03
4.757734375000000000e+03
4.554792968750000000e+03
3.986732910156250000e+03
5.024757324218750000e+03
5.204548828125000000e+03
5.830827636718750000e+03
5.453820800781250000e+02
4.615494628906250000e+03
4.952838378906250000e+03
4.411278320312500000e+03
4.991888671875000000e+03
5.137664550781250000e+03
6.694092285156250000e+03
8.593532714843750000e+02
6.547686035156250000e+03
5.537694824218750000e+03
5.081195800781250000e+03
6.351130371093750000e+03
6.386901855468750000e+03
5.886345703125000000e+03
1.002036193847656250e+03
6.541326660156250000e+03
5.650861816406250000e+03
5.784705078125000000e+03
6.633923828125000000e+03
5.803950195312500000e+03
7.222134765625000000e+03
7.772869873046875000e+02
5.586906738281250000e+03
5.441643554687500000e+03
5.126869628906250000e+03
5.457189453125000000e+03
5.082955566406250000e+03
7.041961914062500000e+03
6.256975173950195312e+01
6.948287597656250000e+03
6.936238769531250000e+03
6.248160644531250000e+03
5.829452636718750000e+03
4.504605468750000000e+03
6.891668945312500000e+03
1.741634277343750000e+03
8.302554687500000000e+03
6.419215820312500000e+03
3.205989013671875000e+03
-7.216696777343750000e+02
3.342669921875000000e+03
5.761875488281250000e+03
-1.408306274414062500e+02
6.449613281250000000e+03
5.271415527343750000e+03
3.047929687500000000e+03
2.841107666015625000e+03
5.301961425781250000e+03
4.451610839843750000e+03
5.596926269531250000e+02
5.687084960937500000e+03
5.271565917968750000e+03
4.427410156250000000e+03
3.980001953125000000e+03
3.999372070312500000e+03
4.524082031250000000e+03
9.221734008789062500e+02
4.697291992187500000e+03
4.526332031250000000e+03
4.123774902343750000e+03
4.434639648437500000e+03
4.481277832031250000e+03
5.442697265625000000e+03
7.598263549804687500e+02
4.216105468750000000e+03
4.375867187500000000e+03
3.614758056640625000e+03
3.923299560546875000e+03
4.295749023437500000e+03
5.413395996093750000e+03
4.300439758300781250e+02
5.214355468750000000e+03
4.625420410156250000e+03
4.469862304687500000e+03
4.822332031250000000e+03
5.161321777343750000e+03
4.861211425781250000e+03
1.051067138671875000e+03
5.577124511718750000e+03
4.216843261718750000e+03
4.232519042968750000e+03
4.483671386718750000e+03
5.053743652343750000e+03
4.932612304687500000e+03
8.532412719726562500e+02
3.820031494140625000e+03
3.825746582031250000e+03
3.721860107421875000e+03
4.076995117187500000e+03
4.718129882812500000e+03
4.696931640625000000e+03
1.012185180664062500e+03
4.462278808593750000e+03
4.737794433593750000e+03
4.193057617187500000e+03
4.682322265625000000e+03
4.666170898437500000e+03
5.448201660156250000e+03
4.679430847167968750e+02
4.536508300781250000e+03
4.205522949218750000e+03
4.260973144531250000e+03
3.899174072265625000e+03
4.780325683593750000e+03
4.727949218750000000e+03
1.061764892578125000e+03
5.327517089843750000e+03
4.873148437500000000e+03
4.967642578125000000e+03
4.657363281250000000e+03
4.851189453125000000e+03
5.165100585937500000e+03
4.645072021484375000e+02
4.234599609375000000e+03
4.450884277343750000e+03
3.289650634765625000e+03
3.450425048828125000e+03
4.252837890625000000e+03
4.587206542968750000e+03
1.135446777343750000e+03
5.061355468750000000e+03
4.540576171875000000e+03
4.245441406250000000e+03
5.094037109375000000e+03
4.250046875000000000e+03
5.011488769531250000e+03
6.080694580078125000e+02
4.487138671875000000e+03
4.025430908203125000e+03
3.192900878906250000e+03
5.925796386718750000e+03
1.929593261718750000e+03
4.449145019531250000e+03
2.257945312500000000e+03
4.591102050781250000e+03
5.548928222656250000e+03
6.432038574218750000e+03
4.442619628906250000e+03
3.111750732421875000e+03
6.583488281250000000e+03
-8.602888793945312500e+02
2.304614990234375000e+03
4.431216308593750000e+03
4.160861328125000000e+03
3.172314697265625000e+03
3.623693847656250000e+03
4.782414062500000000e+03
1.075108642578125000e+03
4.831868652343750000e+03
4.034702392578125000e+03
4.006725097656250000e+03
4.647491210937500000e+03
4.707757324218750000e+03
4.811764160156250000e+03
8.067754516601562500e+02
4.310261230468750000e+03
4.090661865234375000e+03
2.856172607421875000e+03
5.440073730468750000e+03
1.840676635742187500e+03
4.898964843750000000e+03
8.956557006835937500e+02
5.824119628906250000e+03
5.165453613281250000e+03
5.827083984375000000e+03
4.130348144531250000e+03
2.327492919921875000e+03
5.632266113281250000e+03
6.032862548828125000e+02
4.555102050781250000e+03
3.235535400390625000e+03
6.035103027343750000e+03
3.377389892578125000e+03
4.759456542968750000e+03
5.291307128906250000e+03
7.986343383789062500e+02
4.293437500000000000e+03
4.100478515625000000e+03
3.169869140625000000e+03
1.578389526367187500e+03
4.492303222656250000e+03
3.630238037109375000e+03
1.970970703125000000e+03
3.550625244140625000e+03
5.353551269531250000e+03
4.758421386718750000e+03
4.753799316406250000e+03
4.569509277343750000e+03
5.491792480468750000e+03
-7.651014404296875000e+02
2.627202148437500000e+03
3.895801757812500000e+03
5.412598144531250000e+03
2.143183105468750000e+03
4.735062500000000000e+03
5.408952148437500000e+03
1.344054687500000000e+03
5.453082031250000000e+03
5.498854003906250000e+03
3.650468505859375000e+03
2.452807373046875000e+03
5.336362304687500000e+03
4.400069824218750000e+03
3.682501220703125000e+02
4.258544921875000000e+03
4.889120605468750000e+03
3.485787109375000000e+03
3.842785644531250000e+03
3.962274902343750000e+03
4.150543457031250000e+03
9.895657958984375000e+02
4.947635253906250000e+03
4.427579101562500000e+03
4.062693359375000000e+03
4.805121093750000000e+03
4.346256347656250000e+03
4.614434570312500000e+03
9.029594726562500000e+02
4.374641113281250000e+03
4.437180664062500000e+03
3.620997802734375000e+03
4.122424316406250000e+03
3.609652099609375000e+03
4.276735351562500000e+03
6.010690917968750000e+02
5.124318847656250000e+03
4.942516601562500000e+03
4.829386718750000000e+03
5.154698730468750000e+03
4.933075683593750000e+03
4.827257812500000000e+03
7.925562133789062500e+02
4.521331542968750000e+03
4.027392578125000000e+03
4.050203125000000000e+03
3.864937500000000000e+03
3.901576416015625000e+03
3.973358886718750000e+03
8.007626953125000000e+02
4.941332031250000000e+03
4.647523437500000000e+03
4.208750488281250000e+03
4.866193847656250000e+03
4.782371093750000000e+03
