3.489518310546875000e+03
6.830836914062500000e+03
2.014610595703125000e+03
4.858218750000000000e+03
5.647717773437500000e+03
9.585163574218750000e+02
5.203234375000000000e+03
4.760183593750000000e+03
7.186875488281250000e+03
3.251564941406250000e+03
5.063434570312500000e+03
4.165979980468750000e+03
2.051539550781250000e+03
4.982488769531250000e+03
3.456092285156250000e+03
4.677468750000000000e+03
2.425353027343750000e+03
3.461412597656250000e+03
4.535927734375000000e+03
-3.583884277343750000e+02
3.422822021484375000e+03
3.805870361328125000e+03
6.777773925781250000e+03
1.921494384765625000e+03
3.303860107421875000e+03
6.376202636718750000e+03
9.519690551757812500e+02
6.138262695312500000e+03
5.526502929687500000e+03
8.160029296875000000e+03
5.194737792968750000e+03
7.581177734375000000e+03
5.999547363281250000e+03
1.882483398437500000e+03
7.632749511718750000e+03
4.238366210937500000e+03
6.900187011718750000e+03
3.477496582031250000e+03
3.266841308593750000e+03
5.135212890625000000e+03
6.309162597656250000e+02
4.973733398437500000e+03
4.013092041015625000e+03
8.379880859375000000e+03
3.299891601562500000e+03
6.152187500000000000e+03
1.106065917968750000e+04
4.503405273437500000e+03
8.603225585937500000e+03
6.524163574218750000e+03
1.051054980468750000e+04
5.605857910156250000e+03
4.710980468750000000e+03
5.488981933593750000e+03
4.008833984375000000e+03
8.047243164062500000e+03
5.153566894531250000e+03
7.542608886718750000e+03
-2.435303466796875000e+03
3.172565429687500000e+03
6.804472167968750000e+03
1.376156127929687500e+03
5.442763183593750000e+03
4.821422363281250000e+03
3.319514648437500000e+03
3.733820495605468750e+02
6.497971191406250000e+03
3.988894531250000000e+03
6.537743530273437500e+02
5.626146972656250000e+03
4.466767578125000000e+03
5.642943847656250000e+03
3.624863281250000000e+03
4.424492675781250000e+03
4.687682617187500000e+03
2.379817382812500000e+03
5.276289550781250000e+03
3.682244384765625000e+03
5.251682128906250000e+03
2.427735595703125000e+03
3.109715332031250000e+03
4.273122558593750000e+03
4.116783447265625000e+02
3.556100830078125000e+03
3.487616943359375000e+03
5.507836914062500000e+03
1.460996704101562500e+03
3.702207763671875000e+03
5.625977050781250000e+03
7.652603149414062500e+02
4.762023437500000000e+03
4.646899414062500000e+03
7.040475097656250000e+03
3.631860351562500000e+03
5.675977539062500000e+03
4.551661132812500000e+03
1.691459228515625000e+03
5.942291503906250000e+03
3.893213378906250000e+03
5.477412597656250000e+03
2.935027587890625000e+03
4.185394531250000000e+03
4.174519042968750000e+03
1.845551025390625000e+03
3.784163818359375000e+03
3.818279785156250000e+03
5.994530761718750000e+03
3.238185546875000000e+03
4.282721191406250000e+03
4.325992187500000000e+03
1.114012084960937500e+03
4.152720703125000000e+03
3.557814453125000000e+03
5.132482421875000000e+03
2.147937255859375000e+03
3.070451416015625000e+03
4.492243164062500000e+03
8.813193969726562500e+02
4.215165039062500000e+03
4.264211914062500000e+03
7.135409667968750000e+03
3.132773681640625000e+03
5.197418945312500000e+03
4.846721679687500000e+03
2.159858642578125000e+03
5.627894531250000000e+03
3.724068603515625000e+03
5.806751953125000000e+03
3.001619140625000000e+03
3.760280273437500000e+03
4.545954589843750000e+03
1.243939331054687500e+03
4.375998535156250000e+03
5.372346191406250000e+03
5.898259765625000000e+03
2.279982910156250000e+03
4.740685546875000000e+03
4.731070312500000000e+03
8.913593750000000000e+02
5.058006347656250000e+03
2.975682373046875000e+03
4.316265625000000000e+03
1.773358886718750000e+03
1.840540893554687500e+03
4.420977050781250000e+03
4.576313781738281250e+02
6.029272949218750000e+03
4.018402587890625000e+03
5.357531738281250000e+03
8.155872070312500000e+03
3.532702636718750000e+03
2.226371582031250000e+03
3.804474365234375000e+03
6.950830566406250000e+03
1.752064208984375000e+03
7.265751464843750000e+03
2.298682861328125000e+03
1.279907470703125000e+03
7.139415527343750000e+03
-1.196077728271484375e+02
1.516962524414062500e+03
5.446214843750000000e+03
7.598010253906250000e+03
7.348300170898437500e+02
4.085473632812500000e+03
5.219532226562500000e+03
1.311673217773437500e+03
5.359831054687500000e+03
3.163207275390625000e+03
4.442943359375000000e+03
1.902796508789062500e+03
2.774392822265625000e+03
3.934098876953125000e+03
2.758006591796875000e+02
5.650855957031250000e+03
3.035044189453125000e+03
3.630458496093750000e+03
4.837494628906250000e+03
2.759704833984375000e+03
3.107911865234375000e+03
2.919068298339843750e+02
6.355070800781250000e+03
3.453554199218750000e+03
8.318649414062500000e+03
2.467657714843750000e+03
3.170564941406250000e+03
6.480741699218750000e+03
4.012772460937500000e+03
4.768557128906250000e+03
1.737116455078125000e+03
8.149711425781250000e+03
8.400786743164062500e+02
2.559251953125000000e+03
3.673641845703125000e+03
1.973751953125000000e+03
3.045838378906250000e+03
5.392763183593750000e+03
5.827721679687500000e+03
2.057391113281250000e+03
4.653944335937500000e+03
2.752325683593750000e+03
2.477164550781250000e+03
3.323964111328125000e+03
2.585740722656250000e+03
3.722592529296875000e+03
2.574757324218750000e+03
3.162674316406250000e+03
5.286882324218750000e+03
1.569823852539062500e+03
2.366766357421875000e+03
3.690891113281250000e+03
9.164760742187500000e+03
1.508058837890625000e+03
3.151879150390625000e+03
4.719230468750000000e+03
2.008735595703125000e+03
4.446451660156250000e+03
5.488660644531250000e+03
4.294503906250000000e+03
2.222189178466796875e+02
5.191113281250000000e+03
4.437840820312500000e+03
1.902038116455078125e+02
3.955599121093750000e+03
5.486969726562500000e+03
4.768783203125000000e+03
2.859415527343750000e+03
4.260645019531250000e+03
4.526847656250000000e+03
1.606167480468750000e+03
5.399590820312500000e+03
3.540987304687500000e+03
4.576583496093750000e+03
2.370287353515625000e+03
2.518689697265625000e+03
3.253655517578125000e+03
5.927608642578125000e+02
4.018264648437500000e+03
3.818791015625000000e+03
5.808628417968750000e+03
3.227558593750000000e+03
4.028156005859375000e+03
4.838277832031250000e+03
1.520997802734375000e+03
5.714900878906250000e+03
4.524061523437500000e+03
5.668298339843750000e+03
2.445107910156250000e+03
3.937531250000000000e+03
4.014766357421875000e+03
9.634655151367187500e+02
4.352285156250000000e+03
3.955690185546875000e+03
6.403312500000000000e+03
2.955317871093750000e+03
4.035103759765625000e+03
4.343212402343750000e+03
1.704688232421875000e+03
5.113446777343750000e+03
3.923057373046875000e+03
4.924318359375000000e+03
2.012106567382812500e+03
3.409666748046875000e+03
