3.707663330078125000e+03
3.893859619140625000e+03
3.565079101562500000e+03
4.643761718750000000e+03
5.536625488281250000e+03
4.430455322265625000e+02
5.560367675781250000e+03
4.644858398437500000e+03
4.752305175781250000e+03
4.100951171875000000e+03
4.844068847656250000e+03
4.306133300781250000e+03
1.125299316406250000e+03
4.563881347656250000e+03
4.101057617187500000e+03
3.385431884765625000e+03
4.563877929687500000e+03
4.631855957031250000e+03
5.419717285156250000e+03
2.556361198425292969e+01
4.093300048828125000e+03
4.566019531250000000e+03
4.173038085937500000e+03
4.287241699218750000e+03
4.469007324218750000e+03
6.483232910156250000e+03
6.379218139648437500e+02
6.170560546875000000e+03
5.348372558593750000e+03
4.901958496093750000e+03
6.274269531250000000e+03
6.433926757812500000e+03
5.620323242187500000e+03
9.457064208984375000e+02
6.534532714843750000e+03
5.128361816406250000e+03
5.162377441406250000e+03
6.129656250000000000e+03
5.037088867187500000e+03
6.693900390625000000e+03
4.807389831542968750e+02
5.075742187500000000e+03
4.964172363281250000e+03
4.904000976562500000e+03
5.039567382812500000e+03
5.020395996093750000e+03
7.767842285156250000e+03
6.531058959960937500e+02
6.832467773437500000e+03
6.722124511718750000e+03
6.328422363281250000e+03
6.157940429687500000e+03
4.350169433593750000e+03
6.238791992187500000e+03
1.929840454101562500e+03
8.032513671875000000e+03
6.154153808593750000e+03
3.400287109375000000e+03
-1.031989990234375000e+03
3.177931152343750000e+03
5.505803710937500000e+03
-5.869980468750000000e+02
6.074214355468750000e+03
5.265542480468750000e+03
2.427645507812500000e+03
2.540966308593750000e+03
5.394658203125000000e+03
3.916393554687500000e+03
3.740644454956054688e+01
5.590436035156250000e+03
5.048188476562500000e+03
4.022464599609375000e+03
4.028184082031250000e+03
3.844111328125000000e+03
4.301470703125000000e+03
9.184647827148437500e+02
4.510167480468750000e+03
4.193529785156250000e+03
3.712961669921875000e+03
4.068887939453125000e+03
4.037298828125000000e+03
5.003268066406250000e+03
4.006652221679687500e+02
3.782949951171875000e+03
4.083257080078125000e+03
3.332172607421875000e+03
3.328253173828125000e+03
3.951571289062500000e+03
5.283140625000000000e+03
1.857441253662109375e+02
4.848907714843750000e+03
4.450726074218750000e+03
4.365902343750000000e+03
4.627804199218750000e+03
5.066944335937500000e+03
4.550114746093750000e+03
9.476563110351562500e+02
5.470346679687500000e+03
3.909282226562500000e+03
3.797866699218750000e+03
4.229739746093750000e+03
4.662878417968750000e+03
4.590252441406250000e+03
8.092175292968750000e+02
3.539757812500000000e+03
3.606809570312500000e+03
3.526577880859375000e+03
3.846076904296875000e+03
4.422458984375000000e+03
4.404844238281250000e+03
7.988118896484375000e+02
4.185829589843750000e+03
4.297285644531250000e+03
3.730239013671875000e+03
4.137684570312500000e+03
4.163003906250000000e+03
5.116994628906250000e+03
2.472066650390625000e+02
4.220889160156250000e+03
3.977027343750000000e+03
4.208448242187500000e+03
3.694255126953125000e+03
4.673208984375000000e+03
4.535794921875000000e+03
1.000952392578125000e+03
5.182681640625000000e+03
4.417886230468750000e+03
4.472110839843750000e+03
4.433685546875000000e+03
4.445072753906250000e+03
4.906140625000000000e+03
2.648787841796875000e+02
3.991482910156250000e+03
4.505285644531250000e+03
3.106692382812500000e+03
3.148335449218750000e+03
4.189953125000000000e+03
4.375500000000000000e+03
8.098792114257812500e+02
4.789337890625000000e+03
4.067100585937500000e+03
3.647471679687500000e+03
4.484699218750000000e+03
3.508302490234375000e+03
4.723217773437500000e+03
3.496653442382812500e+02
4.449815917968750000e+03
3.838804199218750000e+03
2.849152587890625000e+03
6.603034179687500000e+03
1.971386840820312500e+03
3.574347167968750000e+03
2.531402343750000000e+03
4.624441894531250000e+03
4.706190429687500000e+03
6.063625000000000000e+03
3.898422363281250000e+03
2.792679443359375000e+03
6.708484375000000000e+03
-1.162285522460937500e+03
1.511611206054687500e+03
4.673114746093750000e+03
4.281429199218750000e+03
2.376928466796875000e+03
3.599955078125000000e+03
4.773469238281250000e+03
8.444779663085937500e+02
4.680438964843750000e+03
3.638747314453125000e+03
3.478236572265625000e+03
4.177252441406250000e+03
4.101032226562500000e+03
4.451041015625000000e+03
4.490519104003906250e+02
4.308479003906250000e+03
3.743777587890625000e+03
2.188255126953125000e+03
5.497669921875000000e+03
1.713570434570312500e+03
4.279815429687500000e+03
4.978244934082031250e+02
5.492266601562500000e+03
4.803778808593750000e+03
5.833895019531250000e+03
3.762847167968750000e+03
2.331735595703125000e+03
5.708352050781250000e+03
1.034465576171875000e+03
4.018733642578125000e+03
2.720775146484375000e+03
6.047707519531250000e+03
2.873832275390625000e+03
4.069477050781250000e+03
4.864473144531250000e+03
6.597173461914062500e+02
3.863975097656250000e+03
4.237319335937500000e+03
3.037367431640625000e+03
1.594867187500000000e+03
4.360158203125000000e+03
3.114395019531250000e+03
1.723182250976562500e+03
3.340878417968750000e+03
4.632510742187500000e+03
3.957748779296875000e+03
4.293598632812500000e+03
4.221413085937500000e+03
5.406147460937500000e+03
-7.668814086914062500e+02
2.340442382812500000e+03
3.536768798828125000e+03
5.682126953125000000e+03
1.733755859375000000e+03
4.279165527343750000e+03
5.195694824218750000e+03
1.096609130859375000e+03
5.148136230468750000e+03
5.411580078125000000e+03
3.004460205078125000e+03
2.079087158203125000e+03
5.200372070312500000e+03
4.221771972656250000e+03
-2.606585998535156250e+02
4.029299804687500000e+03
4.915637207031250000e+03
3.109327392578125000e+03
3.633104248046875000e+03
3.838594482421875000e+03
3.959591796875000000e+03
8.716441040039062500e+02
4.760533203125000000e+03
4.033249023437500000e+03
3.579881103515625000e+03
4.384038574218750000e+03
3.791908935546875000e+03
4.105622070312500000e+03
6.013370971679687500e+02
3.990854003906250000e+03
4.104461425781250000e+03
3.448512207031250000e+03
3.932732421875000000e+03
3.491127685546875000e+03
4.145066406250000000e+03
4.925550537109375000e+02
4.948244628906250000e+03
4.649605468750000000e+03
4.406784179687500000e+03
4.651814453125000000e+03
4.630911621093750000e+03
4.501192382812500000e+03
5.661082153320312500e+02
4.163035156250000000e+03
3.760906982421875000e+03
3.935650634765625000e+03
3.672347167968750000e+03
3.686077148437500000e+03
3.842132080078125000e+03
6.991284790039062500e+02
4.706676757812500000e+03
4.253825683593750000e+03
3.733825439453125000e+03
4.376594726562500000e+03
4.325838378906250000e+03
