3.780262939453125000e+03
3.797777832031250000e+03
3.920739746093750000e+03
4.663831054687500000e+03
5.544982910156250000e+03
4.922754821777343750e+02
5.799796386718750000e+03
4.530552734375000000e+03
4.704837890625000000e+03
4.020900146484375000e+03
4.852167480468750000e+03
4.499594726562500000e+03
9.250209960937500000e+02
4.568791503906250000e+03
4.427308105468750000e+03
3.942300048828125000e+03
4.846549804687500000e+03
5.073952148437500000e+03
5.618863769531250000e+03
4.165483398437500000e+02
4.519886718750000000e+03
4.742867187500000000e+03
4.177863769531250000e+03
4.926333496093750000e+03
5.039364257812500000e+03
6.389569335937500000e+03
5.618076171875000000e+02
6.353529785156250000e+03
5.268485351562500000e+03
4.820660644531250000e+03
5.980232421875000000e+03
6.009814941406250000e+03
5.656369628906250000e+03
6.331777954101562500e+02
6.203395996093750000e+03
5.463707519531250000e+03
5.632736816406250000e+03
6.371747070312500000e+03
5.642714843750000000e+03
6.944621582031250000e+03
4.464530639648437500e+02
5.414569335937500000e+03
5.202099609375000000e+03
4.837636718750000000e+03
5.246265136718750000e+03
4.779934570312500000e+03
6.429643554687500000e+03
-4.886316833496093750e+02
6.750907714843750000e+03
6.717274414062500000e+03
5.857108886718750000e+03
5.285881347656250000e+03
4.241789550781250000e+03
6.775082519531250000e+03
1.256188964843750000e+03
8.044375000000000000e+03
6.161507812500000000e+03
2.863124511718750000e+03
-8.638764038085937500e+02
3.093428955078125000e+03
5.638019531250000000e+03
-1.939302368164062500e+02
6.327579589843750000e+03
5.008749023437500000e+03
3.043521728515625000e+03
2.623920166015625000e+03
4.977426269531250000e+03
4.422388671875000000e+03
5.029377136230468750e+02
5.451880371093750000e+03
5.053091796875000000e+03
4.322163085937500000e+03
3.667156250000000000e+03
3.802573242187500000e+03
4.368736328125000000e+03
6.603076782226562500e+02
4.543650390625000000e+03
4.393353027343750000e+03
4.027173583984375000e+03
4.269749511718750000e+03
4.335508300781250000e+03
5.301519531250000000e+03
6.057335815429687500e+02
4.123450195312500000e+03
4.184252441406250000e+03
3.467916259765625000e+03
3.878342285156250000e+03
4.142729492187500000e+03
5.166915039062500000e+03
2.522170715332031250e+02
5.101843750000000000e+03
4.424607910156250000e+03
4.243602539062500000e+03
4.597448730468750000e+03
4.917703613281250000e+03
4.709465820312500000e+03
7.832876586914062500e+02
5.344442382812500000e+03
4.060264404296875000e+03
4.125738769531250000e+03
4.265864257812500000e+03
4.897674316406250000e+03
4.762750000000000000e+03
5.834713134765625000e+02
3.695540527343750000e+03
3.662412109375000000e+03
3.570172363281250000e+03
3.902702880859375000e+03
4.575187500000000000e+03
4.553909667968750000e+03
8.100774536132812500e+02
4.317014160156250000e+03
4.618594238281250000e+03
4.093448730468750000e+03
4.571034179687500000e+03
4.544310546875000000e+03
5.240895996093750000e+03
2.609390258789062500e+02
4.393012695312500000e+03
4.037944580078125000e+03
4.034539794921875000e+03
3.710357421875000000e+03
4.567243652343750000e+03
4.557193847656250000e+03
7.937656860351562500e+02
5.128139160156250000e+03
4.762105957031250000e+03
4.873538574218750000e+03
4.404837402343750000e+03
4.678157226562500000e+03
4.951059082031250000e+03
2.747825012207031250e+02
4.073887695312500000e+03
4.170389648437500000e+03
3.166612792968750000e+03
3.326227050781250000e+03
4.026501953125000000e+03
4.432750488281250000e+03
9.859580688476562500e+02
4.932709960937500000e+03
4.427992675781250000e+03
4.174451660156250000e+03
4.980517578125000000e+03
4.193684082031250000e+03
4.826271972656250000e+03
3.796782226562500000e+02
4.238864257812500000e+03
3.916388671875000000e+03
3.122250244140625000e+03
5.359516113281250000e+03
1.751553222656250000e+03
4.591919921875000000e+03
1.857535766601562500e+03
4.339960449218750000e+03
5.544209472656250000e+03
6.280834472656250000e+03
4.363894531250000000e+03
2.836169433593750000e+03
6.208516601562500000e+03
-9.458387451171875000e+02
2.407888183593750000e+03
4.081846679687500000e+03
3.899988281250000000e+03
3.285056152343750000e+03
3.413884765625000000e+03
4.544372070312500000e+03
9.145263671875000000e+02
4.679698242187500000e+03
3.946863769531250000e+03
3.956536132812500000e+03
4.502341308593750000e+03
4.613753906250000000e+03
4.684959472656250000e+03
6.373713989257812500e+02
4.053979248046875000e+03
3.977272949218750000e+03
2.919405029296875000e+03
5.106956542968750000e+03
1.664491088867187500e+03
4.873719726562500000e+03
7.875631103515625000e+02
5.690105957031250000e+03
4.985458984375000000e+03
5.532344238281250000e+03
4.023307128906250000e+03
2.071944824218750000e+03
5.332520996093750000e+03
1.887491760253906250e+02
4.605413085937500000e+03
3.209561767578125000e+03
5.718532226562500000e+03
3.276495117187500000e+03
4.718192382812500000e+03
5.148812988281250000e+03
5.648512573242187500e+02
4.192312988281250000e+03
3.837552734375000000e+03
3.046228271484375000e+03
1.350175292968750000e+03
4.348651367187500000e+03
3.646789550781250000e+03
1.794067016601562500e+03
3.408360595703125000e+03
5.330016113281250000e+03
4.783894042968750000e+03
4.579257324218750000e+03
4.404140625000000000e+03
5.202890136718750000e+03
-9.670502929687500000e+02
2.534096923828125000e+03
3.833976318359375000e+03
5.065093750000000000e+03
2.106168945312500000e+03
4.654216308593750000e+03
5.232556640625000000e+03
1.149892944335937500e+03
5.283671386718750000e+03
5.235581542968750000e+03
3.691944335937500000e+03
2.280104248046875000e+03
5.077925292968750000e+03
4.195607910156250000e+03
3.846809692382812500e+02
4.108728515625000000e+03
4.607301757812500000e+03
3.409261962890625000e+03
3.674463867187500000e+03
3.771902587890625000e+03
3.997120605468750000e+03
7.811312255859375000e+02
4.802343261718750000e+03
4.328149414062500000e+03
3.979996337890625000e+03
4.652093261718750000e+03
4.246108398437500000e+03
4.503181640625000000e+03
7.168544311523437500e+02
4.263581054687500000e+03
4.295253906250000000e+03
3.453542480468750000e+03
3.934923095703125000e+03
3.416625976562500000e+03
4.097076660156250000e+03
4.093323974609375000e+02
4.961094238281250000e+03
4.790500976562500000e+03
4.718136230468750000e+03
5.028428222656250000e+03
4.715778320312500000e+03
4.629702636718750000e+03
5.788895874023437500e+02
4.410577148437500000e+03
3.863006347656250000e+03
3.847616455078125000e+03
3.684422119140625000e+03
3.746263916015625000e+03
3.787762695312500000e+03
5.912164916992187500e+02
4.805856445312500000e+03
4.535325195312500000e+03
4.131349609375000000e+03
4.729304687500000000e+03
4.634271972656250000e+03
