3.824152343750000000e+03
3.926220458984375000e+03
3.771645996093750000e+03
4.749932128906250000e+03
5.640932617187500000e+03
5.580737304687500000e+02
5.736908203125000000e+03
4.714605468750000000e+03
4.830222167968750000e+03
4.194253417968750000e+03
4.947165039062500000e+03
4.457999511718750000e+03
1.176818115234375000e+03
4.660276367187500000e+03
4.305724609375000000e+03
3.629630371093750000e+03
4.793932617187500000e+03
4.894116699218750000e+03
5.623307617187500000e+03
2.534861145019531250e+02
4.327516113281250000e+03
4.752126953125000000e+03
4.271823730468750000e+03
4.601811523437500000e+03
4.759401855468750000e+03
6.599946777343750000e+03
7.510239868164062500e+02
6.350201171875000000e+03
5.441504882812500000e+03
4.970742675781250000e+03
6.348221191406250000e+03
6.430345703125000000e+03
5.742024414062500000e+03
9.921442871093750000e+02
6.563511718750000000e+03
5.371237304687500000e+03
5.430566894531250000e+03
6.393590332031250000e+03
5.392902832031250000e+03
6.966347656250000000e+03
6.351795043945312500e+02
5.312599121093750000e+03
5.191211914062500000e+03
4.991494628906250000e+03
5.239102050781250000e+03
5.050831542968750000e+03
7.486518066406250000e+03
4.098330688476562500e+02
6.872608398437500000e+03
6.812490722656250000e+03
6.295345214843750000e+03
6.082224609375000000e+03
4.435242675781250000e+03
6.539275390625000000e+03
1.887903442382812500e+03
8.184125488281250000e+03
6.296520996093750000e+03
3.312724121093750000e+03
-8.878021850585937500e+02
3.272085449218750000e+03
5.606972167968750000e+03
-4.205168762207031250e+02
6.253692382812500000e+03
5.282930664062500000e+03
2.674979736328125000e+03
2.705313232421875000e+03
5.371645507812500000e+03
4.135321777343750000e+03
2.500982360839843750e+02
5.652791015625000000e+03
5.164339355468750000e+03
4.187165039062500000e+03
4.035527587890625000e+03
3.913833007812500000e+03
4.398174804687500000e+03
9.249790039062500000e+02
4.594705566406250000e+03
4.343835937500000000e+03
3.880121582031250000e+03
4.251494628906250000e+03
4.245067871093750000e+03
5.209009277343750000e+03
5.616094970703125000e+02
3.977004882812500000e+03
4.226131835937500000e+03
3.442311279296875000e+03
3.590420166015625000e+03
4.104162109375000000e+03
5.354331542968750000e+03
2.905793457031250000e+02
5.011633300781250000e+03
4.530979003906250000e+03
4.405622070312500000e+03
4.734378417968750000e+03
5.115699218750000000e+03
4.687908203125000000e+03
1.006147033691406250e+03
5.535538574218750000e+03
4.048011230468750000e+03
3.977707519531250000e+03
4.366693359375000000e+03
4.843492187500000000e+03
4.752746582031250000e+03
8.398640747070312500e+02
3.664284912109375000e+03
3.704547363281250000e+03
3.596222412109375000e+03
3.958033935546875000e+03
4.552768066406250000e+03
4.534207519531250000e+03
8.999838867187500000e+02
4.316210449218750000e+03
4.496381347656250000e+03
3.922259521484375000e+03
4.392819824218750000e+03
4.391965820312500000e+03
5.283063476562500000e+03
3.482713012695312500e+02
4.366878417968750000e+03
4.075964111328125000e+03
4.220933105468750000e+03
3.793122314453125000e+03
4.722250488281250000e+03
4.619416992187500000e+03
1.036920043945312500e+03
5.258709472656250000e+03
4.619818847656250000e+03
4.679316894531250000e+03
4.565006347656250000e+03
4.638598144531250000e+03
5.039532226562500000e+03
3.513724060058593750e+02
4.105716796875000000e+03
4.494648437500000000e+03
3.160920166015625000e+03
3.284893310546875000e+03
4.223597656250000000e+03
4.468060058593750000e+03
9.560326538085937500e+02
4.912889160156250000e+03
4.282563964843750000e+03
3.903568359375000000e+03
4.775933105468750000e+03
3.838540283203125000e+03
4.866492675781250000e+03
4.770564575195312500e+02
4.476882324218750000e+03
3.907003417968750000e+03
2.964795166015625000e+03
6.355708007812500000e+03
1.931392700195312500e+03
3.926843750000000000e+03
2.439245849609375000e+03
4.615946777343750000e+03
5.091940429687500000e+03
6.225374511718750000e+03
4.143415527343750000e+03
2.976929931640625000e+03
6.693782714843750000e+03
-1.052898559570312500e+03
1.833677856445312500e+03
4.589917968750000000e+03
4.221180664062500000e+03
2.703126708984375000e+03
3.611430175781250000e+03
4.789027832031250000e+03
9.466095581054687500e+02
4.749954589843750000e+03
3.808780273437500000e+03
3.696198242187500000e+03
4.409492675781250000e+03
4.377475585937500000e+03
4.619416015625000000e+03
6.164696044921875000e+02
4.325037109375000000e+03
3.895513671875000000e+03
2.437241210937500000e+03
5.508011230468750000e+03
1.759094116210937500e+03
4.549707519531250000e+03
6.666624755859375000e+02
5.639121582031250000e+03
4.983854003906250000e+03
5.839132812500000000e+03
3.925613037109375000e+03
2.337673339843750000e+03
5.694977539062500000e+03
8.572473144531250000e+02
4.225563476562500000e+03
2.933521972656250000e+03
6.062145019531250000e+03
3.110495849609375000e+03
4.379611816406250000e+03
5.069535644531250000e+03
7.276690063476562500e+02
4.065271240234375000e+03
4.184565429687500000e+03
3.069416992187500000e+03
1.594655395507812500e+03
4.412199218750000000e+03
3.315726074218750000e+03
1.837229980468750000e+03
3.440520996093750000e+03
4.957747070312500000e+03
4.296085937500000000e+03
4.521920410156250000e+03
4.392600097656250000e+03
5.472580566406250000e+03
-7.816069946289062500e+02
2.462015869140625000e+03
3.676314453125000000e+03
5.568105957031250000e+03
1.896937988281250000e+03
4.481260742187500000e+03
5.299183593750000000e+03
1.210000732421875000e+03
5.305335449218750000e+03
5.469531738281250000e+03
3.252589355468750000e+03
2.267339843750000000e+03
5.282767089843750000e+03
4.310605957031250000e+03
-8.949564933776855469e+00
4.137403320312500000e+03
4.921294433593750000e+03
3.254542236328125000e+03
3.735338378906250000e+03
3.893812255859375000e+03
4.041430664062500000e+03
9.286588134765625000e+02
4.845238769531250000e+03
4.205621093750000000e+03
3.782065673828125000e+03
4.592377441406250000e+03
4.043745849609375000e+03
4.339575195312500000e+03
7.442073364257812500e+02
4.164048828125000000e+03
4.254059082031250000e+03
3.509479736328125000e+03
4.026804443359375000e+03
3.540609619140625000e+03
4.200833984375000000e+03
5.360672607421875000e+02
5.029263183593750000e+03
4.781495605468750000e+03
4.583565917968750000e+03
4.892705566406250000e+03
4.784510253906250000e+03
4.663927246093750000e+03
6.763465576171875000e+02
4.322679687500000000e+03
3.880233886718750000e+03
3.978621337890625000e+03
3.767359619140625000e+03
3.776823974609375000e+03
3.901510253906250000e+03
7.447171630859375000e+02
4.812570800781250000e+03
4.426028808593750000e+03
3.928743896484375000e+03
4.615665527343750000e+03
4.539040039062500000e+03
