3.862895751953125000e+03
3.904618652343750000e+03
3.973357177734375000e+03
4.759187988281250000e+03
5.640705078125000000e+03
5.927711181640625000e+02
5.855175292968750000e+03
4.640456054687500000e+03
4.821571289062500000e+03
4.136506835937500000e+03
4.949696289062500000e+03
4.567179687500000000e+03
1.063177368164062500e+03
4.649761718750000000e+03
4.482927734375000000e+03
3.974357177734375000e+03
4.933897949218750000e+03
5.138080566406250000e+03
5.720511718750000000e+03
4.836208496093750000e+02
4.559622558593750000e+03
4.840892089843750000e+03
4.303381347656250000e+03
4.962200683593750000e+03
5.087633300781250000e+03
6.532397949218750000e+03
7.076946411132812500e+02
6.435235351562500000e+03
5.387890625000000000e+03
4.957336914062500000e+03
6.156638671875000000e+03
6.183297851562500000e+03
5.760990234375000000e+03
8.081099243164062500e+02
6.348540527343750000e+03
5.545597656250000000e+03
5.716302246093750000e+03
6.496521484375000000e+03
5.720838867187500000e+03
7.073930175781250000e+03
6.091587524414062500e+02
5.490967285156250000e+03
5.314353027343750000e+03
4.993050781250000000e+03
5.348003906250000000e+03
4.917433593750000000e+03
6.710140625000000000e+03
-2.234467468261718750e+02
6.833510253906250000e+03
6.808728515625000000e+03
6.052567382812500000e+03
5.531423339843750000e+03
4.344203613281250000e+03
6.819314453125000000e+03
1.491491333007812500e+03
8.165480957031250000e+03
6.280523437500000000e+03
3.033486572265625000e+03
-7.937728271484375000e+02
3.201463867187500000e+03
5.690561035156250000e+03
-1.507168121337890625e+02
6.382608398437500000e+03
5.126666503906250000e+03
3.059458984375000000e+03
2.727563720703125000e+03
5.125250000000000000e+03
4.434579101562500000e+03
5.363605346679687500e+02
5.556709960937500000e+03
5.151732421875000000e+03
4.382611328125000000e+03
3.815953369140625000e+03
3.892827636718750000e+03
4.439092285156250000e+03
7.868438110351562500e+02
4.610108886718750000e+03
4.450651367187500000e+03
4.081064208984375000e+03
4.349342285156250000e+03
4.404239746093750000e+03
5.367480957031250000e+03
6.835014038085937500e+02
4.163718261718750000e+03
4.273282714843750000e+03
3.549345458984375000e+03
3.904431396484375000e+03
4.215828613281250000e+03
5.283013671875000000e+03
3.411628417968750000e+02
5.147179199218750000e+03
4.514355957031250000e+03
4.360735839843750000e+03
4.704454589843750000e+03
5.028966796875000000e+03
4.778751953125000000e+03
9.121644287109375000e+02
5.443893066406250000e+03
4.128596191406250000e+03
4.185481445312500000e+03
4.369936523437500000e+03
4.971491699218750000e+03
4.843170898437500000e+03
7.145896606445312500e+02
3.748829345703125000e+03
3.735068359375000000e+03
3.652111572265625000e+03
3.989580810546875000e+03
4.641343261718750000e+03
4.620199218750000000e+03
9.087568359375000000e+02
4.377635742187500000e+03
4.671279296875000000e+03
4.150963867187500000e+03
4.627717285156250000e+03
4.602286621093750000e+03
5.337988769531250000e+03
3.642158508300781250e+02
4.455645996093750000e+03
4.113931152343750000e+03
4.153209960937500000e+03
3.803807861328125000e+03
4.664230468750000000e+03
4.633380859375000000e+03
9.233810424804687500e+02
5.212361816406250000e+03
4.809282714843750000e+03
4.926593750000000000e+03
4.524772460937500000e+03
4.759562011718750000e+03
5.048484375000000000e+03
3.684638977050781250e+02
4.147354492187500000e+03
4.298450683593750000e+03
3.235697265625000000e+03
3.387815429687500000e+03
4.130024902343750000e+03
4.504061523437500000e+03
1.059178955078125000e+03
4.985143066406250000e+03
4.479436035156250000e+03
4.218898925781250000e+03
5.036795898437500000e+03
4.223306152343750000e+03
4.908764160156250000e+03
4.951069641113281250e+02
4.355251464843750000e+03
3.961077148437500000e+03
3.173303955078125000e+03
5.628397460937500000e+03
1.832613769531250000e+03
4.519065429687500000e+03
2.037187377929687500e+03
4.456256347656250000e+03
5.542106445312500000e+03
6.351760742187500000e+03
4.408527832031250000e+03
2.970380615234375000e+03
6.377500000000000000e+03
-9.005492553710937500e+02
2.360000000000000000e+03
4.243212402343750000e+03
4.033609375000000000e+03
3.237004394531250000e+03
3.510969238281250000e+03
4.653831054687500000e+03
9.939215698242187500e+02
4.743923339843750000e+03
3.984493408203125000e+03
3.989184814453125000e+03
4.572357910156250000e+03
4.659331054687500000e+03
4.739358886718750000e+03
7.237156372070312500e+02
4.174159667968750000e+03
4.029563476562500000e+03
2.905647705078125000e+03
5.265425781250000000e+03
1.749304687500000000e+03
4.881816406250000000e+03
8.354854736328125000e+02
5.752854980468750000e+03
5.069754394531250000e+03
5.678349121093750000e+03
4.075961425781250000e+03
2.189551513671875000e+03
5.469188476562500000e+03
3.870959472656250000e+02
4.574666015625000000e+03
3.218744384765625000e+03
5.872927734375000000e+03
3.326109619140625000e+03
4.735636230468750000e+03
5.210387207031250000e+03
6.846040039062500000e+02
4.239216796875000000e+03
3.954725585937500000e+03
3.117579101562500000e+03
1.465683349609375000e+03
4.411742187500000000e+03
3.637652343750000000e+03
1.880732788085937500e+03
3.468193359375000000e+03
5.335764648437500000e+03
4.778907714843750000e+03
4.671112304687500000e+03
4.482120605468750000e+03
5.337333984375000000e+03
-8.636718139648437500e+02
2.574095947265625000e+03
3.860673583984375000e+03
5.237598144531250000e+03
2.129291992187500000e+03
4.687671875000000000e+03
5.305906738281250000e+03
1.249402832031250000e+03
5.358756835937500000e+03
5.353303710937500000e+03
3.683041748046875000e+03
2.365251708984375000e+03
5.196812500000000000e+03
4.290436035156250000e+03
3.831174926757812500e+02
4.175552734375000000e+03
4.737559082031250000e+03
3.457438720703125000e+03
3.755941894531250000e+03
3.858794921875000000e+03
4.068035156250000000e+03
8.813467407226562500e+02
4.863376464843750000e+03
4.372387207031250000e+03
4.029416503906250000e+03
4.725736816406250000e+03
4.293046386718750000e+03
4.554845214843750000e+03
8.084796142578125000e+02
4.313075195312500000e+03
4.362223144531250000e+03
3.545866210937500000e+03
4.028012451171875000e+03
3.507102783203125000e+03
4.179135253906250000e+03
5.003056335449218750e+02
5.030150878906250000e+03
4.858240722656250000e+03
4.779491699218750000e+03
5.088828613281250000e+03
4.816155273437500000e+03
4.721072753906250000e+03
6.820648193359375000e+02
4.457069824218750000e+03
3.940678222656250000e+03
3.955044189453125000e+03
3.772703369140625000e+03
3.818704833984375000e+03
3.872995605468750000e+03
6.927715454101562500e+02
4.862194335937500000e+03
4.585514160156250000e+03
4.177898437500000000e+03
4.794356933593750000e+03
4.703522460937500000e+03
