3.918984130859375000e+03
4.291461425781250000e+03
3.675087646484375000e+03
4.849854980468750000e+03
5.753478515625000000e+03
7.075445556640625000e+02
5.743794921875000000e+03
4.909503417968750000e+03
5.086541992187500000e+03
4.357806640625000000e+03
5.063516113281250000e+03
4.469223144531250000e+03
1.475126220703125000e+03
4.850825683593750000e+03
4.217789062500000000e+03
3.531734619140625000e+03
4.632180175781250000e+03
4.629436523437500000e+03
5.499396972656250000e+03
1.691770019531250000e+02
4.212445800781250000e+03
4.704455566406250000e+03
4.522641601562500000e+03
4.314432617187500000e+03
4.480597167968750000e+03
6.714379882812500000e+03
9.489899902343750000e+02
6.414425292968750000e+03
5.665718750000000000e+03
5.343574707031250000e+03
6.607216796875000000e+03
6.847495117187500000e+03
5.900791992187500000e+03
1.387453613281250000e+03
6.998166992187500000e+03
5.279863281250000000e+03
5.382750488281250000e+03
6.245382324218750000e+03
4.990940917968750000e+03
6.753290039062500000e+03
7.884226074218750000e+02
5.289201171875000000e+03
5.140016113281250000e+03
5.364469726562500000e+03
5.262568847656250000e+03
5.399616699218750000e+03
8.524166992187500000e+03
1.477746093750000000e+03
7.332713867187500000e+03
7.059459960937500000e+03
6.900278808593750000e+03
6.686883789062500000e+03
4.669814941406250000e+03
6.294451171875000000e+03
2.484321044921875000e+03
8.297737304687500000e+03
6.309437988281250000e+03
3.966570556640625000e+03
-8.136413574218750000e+02
3.409726806640625000e+03
5.781963867187500000e+03
-3.156593627929687500e+02
6.226532226562500000e+03
5.495288574218750000e+03
2.463647216796875000e+03
2.652553466796875000e+03
5.760852539062500000e+03
4.013693847656250000e+03
2.294942779541015625e+02
5.880789062500000000e+03
5.193500976562500000e+03
4.211322753906250000e+03
4.362829589843750000e+03
4.091423583984375000e+03
4.525653320312500000e+03
1.316604492187500000e+03
4.801803710937500000e+03
4.345668457031250000e+03
3.906378173828125000e+03
4.172407714843750000e+03
4.081841064453125000e+03
5.066101562500000000e+03
5.857451171875000000e+02
3.920567138671875000e+03
4.232800781250000000e+03
3.610395507812500000e+03
3.361016601562500000e+03
4.081140869140625000e+03
5.519434082031250000e+03
4.529772338867187500e+02
5.040402832031250000e+03
4.704349609375000000e+03
4.739987792968750000e+03
4.853256347656250000e+03
5.343390136718750000e+03
4.730645507812500000e+03
1.280227172851562500e+03
5.786702636718750000e+03
4.104662109375000000e+03
4.015844482421875000e+03
4.413813476562500000e+03
4.755292480468750000e+03
4.708196289062500000e+03
1.161399536132812500e+03
3.768214599609375000e+03
3.833297851562500000e+03
3.856818115234375000e+03
4.055888671875000000e+03
4.572709960937500000e+03
4.556597656250000000e+03
1.040300170898437500e+03
4.394796875000000000e+03
4.390800781250000000e+03
3.908367431640625000e+03
4.176073730468750000e+03
4.186540527343750000e+03
5.222146484375000000e+03
5.182059936523437500e+02
4.431030761718750000e+03
4.214624023437500000e+03
4.616003417968750000e+03
3.937111816406250000e+03
4.942502929687500000e+03
4.766556152343750000e+03
1.354425903320312500e+03
5.491462402343750000e+03
4.526948242187500000e+03
4.641119140625000000e+03
4.615214355468750000e+03
4.521537597656250000e+03
5.063970214843750000e+03
5.695812988281250000e+02
4.235555664062500000e+03
4.864057617187500000e+03
3.459144042968750000e+03
3.324715332031250000e+03
4.459449707031250000e+03
4.579468750000000000e+03
1.000090209960937500e+03
5.014729492187500000e+03
4.122144042968750000e+03
3.724925292968750000e+03
4.456439453125000000e+03
3.413178466796875000e+03
4.868910156250000000e+03
5.656735229492187500e+02
4.815284667968750000e+03
4.119482910156250000e+03
3.102541503906250000e+03
7.230877441406250000e+03
2.384521484375000000e+03
3.482569091796875000e+03
3.015240478515625000e+03
5.059149414062500000e+03
4.557069335937500000e+03
6.259927246093750000e+03
3.924178222656250000e+03
2.830404785156250000e+03
7.036831542968750000e+03
-8.979600219726562500e+02
1.550494628906250000e+03
5.109452148437500000e+03
4.717543945312500000e+03
2.314940917968750000e+03
3.886949218750000000e+03
5.021492187500000000e+03
1.059628051757812500e+03
4.967195312500000000e+03
3.758860595703125000e+03
3.594692138671875000e+03
4.201839355468750000e+03
4.057117187500000000e+03
4.550977539062500000e+03
5.953478393554687500e+02
4.653309082031250000e+03
3.891191406250000000e+03
2.281347167968750000e+03
5.792524902343750000e+03
1.994033081054687500e+03
4.276415039062500000e+03
6.771127929687500000e+02
5.705992187500000000e+03
4.893830566406250000e+03
6.207712890625000000e+03
3.895088623046875000e+03
2.641025146484375000e+03
6.054142578125000000e+03
1.651231689453125000e+03
4.219583984375000000e+03
2.806900634765625000e+03
6.392169921875000000e+03
2.899069580078125000e+03
3.995904296875000000e+03
4.907421386718750000e+03
9.544114379882812500e+02
3.963873046875000000e+03
4.613758300781250000e+03
3.372083007812500000e+03
1.932073730468750000e+03
4.613499023437500000e+03
3.162963867187500000e+03
1.949781250000000000e+03
3.579193603515625000e+03
4.522543945312500000e+03
3.901018798828125000e+03
4.335362792968750000e+03
4.280071777343750000e+03
5.595128906250000000e+03
-3.436766662597656250e+02
2.579932617187500000e+03
3.711672607421875000e+03
6.198985839843750000e+03
1.915141967773437500e+03
4.327671875000000000e+03
5.348868164062500000e+03
1.318690063476562500e+03
5.313052246093750000e+03
5.659360839843750000e+03
3.111148925781250000e+03
2.173336425781250000e+03
5.406662597656250000e+03
4.423007324218750000e+03
-1.415112609863281250e+02
4.258622070312500000e+03
5.209559082031250000e+03
3.304155761718750000e+03
3.841489257812500000e+03
4.072924804687500000e+03
4.180290039062500000e+03
1.172246582031250000e+03
5.027466308593750000e+03
4.146804687500000000e+03
3.716001708984375000e+03
4.441484375000000000e+03
3.774527343750000000e+03
4.136872558593750000e+03
8.030888671875000000e+02
4.150217773437500000e+03
4.254366210937500000e+03
3.770024169921875000e+03
4.145299804687500000e+03
3.741528564453125000e+03
4.410340332031250000e+03
8.309476928710937500e+02
5.237581542968750000e+03
4.835762695312500000e+03
4.591725585937500000e+03
4.680747558593750000e+03
4.736378417968750000e+03
4.624383300781250000e+03
8.268712158203125000e+02
4.366148925781250000e+03
3.968945068359375000e+03
4.290046875000000000e+03
3.888578369140625000e+03
3.884654052734375000e+03
4.091521484375000000e+03
1.025580688476562500e+03
4.951058593750000000e+03
4.387211914062500000e+03
3.895227050781250000e+03
4.397308105468750000e+03
4.357837402343750000e+03
