5.394689453125000000e+03
5.376454589843750000e+03
5.306814453125000000e+03
5.416639648437500000e+03
5.191814453125000000e+03
-2.062586212158203125e+01
4.514086914062500000e+03
3.788845458984375000e+03
3.946735107421875000e+03
3.763364746093750000e+03
3.954175537109375000e+03
4.657456542968750000e+03
-2.062586212158203125e+01
5.623268066406250000e+03
5.498049804687500000e+03
5.278060058593750000e+03
5.277339355468750000e+03
5.485291503906250000e+03
5.309433105468750000e+03
-2.062586212158203125e+01
6.347318847656250000e+03
5.837011230468750000e+03
6.261223144531250000e+03
6.294733398437500000e+03
6.326465820312500000e+03
6.033997558593750000e+03
-2.062586212158203125e+01
5.713840332031250000e+03
5.163167480468750000e+03
4.740440429687500000e+03
4.705708496093750000e+03
4.911337890625000000e+03
5.773917968750000000e+03
-2.062586212158203125e+01
6.328377441406250000e+03
6.177229003906250000e+03
6.018985351562500000e+03
6.080866210937500000e+03
6.154140625000000000e+03
6.136630859375000000e+03
-2.062586212158203125e+01
5.548042480468750000e+03
5.330724121093750000e+03
5.541947265625000000e+03
5.716899414062500000e+02
1.464351684570312500e+03
7.128333007812500000e+03
-2.062586212158203125e+01
6.300476562500000000e+03
5.799766601562500000e+03
5.788852539062500000e+03
3.833819885253906250e+02
5.205140136718750000e+03
5.464019042968750000e+03
-2.062586212158203125e+01
5.305181640625000000e+03
5.293068359375000000e+03
6.225324218750000000e+03
4.110443847656250000e+03
4.793707519531250000e+03
4.724491699218750000e+03
-2.062586212158203125e+01
5.462942382812500000e+03
5.275012207031250000e+03
5.105705078125000000e+03
4.672994140625000000e+03
5.185083984375000000e+03
5.122888671875000000e+03
-2.062586212158203125e+01
4.282484863281250000e+03
3.857854492187500000e+03
3.868387207031250000e+03
3.589060302734375000e+03
3.660855468750000000e+03
4.617521972656250000e+03
-2.062586212158203125e+01
5.484034179687500000e+03
5.081982421875000000e+03
4.924231445312500000e+03
4.780464355468750000e+03
5.093533203125000000e+03
4.731032714843750000e+03
-2.062586212158203125e+01
5.534344238281250000e+03
5.239284179687500000e+03
5.420563964843750000e+03
5.311301757812500000e+03
5.570391601562500000e+03
5.116291503906250000e+03
-2.062586212158203125e+01
4.750312011718750000e+03
3.960665527343750000e+03
3.950442382812500000e+03
3.837540527343750000e+03
4.138563476562500000e+03
4.760870605468750000e+03
-2.062586212158203125e+01
5.580282714843750000e+03
5.133609863281250000e+03
5.072926269531250000e+03
4.879980957031250000e+03
5.167826660156250000e+03
4.630255371093750000e+03
-2.062586212158203125e+01
4.040159667968750000e+03
3.526801513671875000e+03
3.613639160156250000e+03
3.547028808593750000e+03
3.895263671875000000e+03
4.698586425781250000e+03
-2.062586212158203125e+01
5.566772949218750000e+03
5.192196289062500000e+03
5.244842285156250000e+03
5.116427734375000000e+03
5.392220214843750000e+03
5.015973632812500000e+03
-2.062586212158203125e+01
4.519750000000000000e+03
3.751647949218750000e+03
4.018311767578125000e+03
3.752350341796875000e+03
4.188328613281250000e+03
4.786404785156250000e+03
-2.062586212158203125e+01
5.707433593750000000e+03
5.295572265625000000e+03
5.049513183593750000e+03
4.843946777343750000e+03
5.093898925781250000e+03
4.853424316406250000e+03
-2.062586212158203125e+01
3.923188964843750000e+03
3.448521240234375000e+03
3.648343261718750000e+03
3.385434814453125000e+03
3.646948974609375000e+03
4.508260742187500000e+03
-2.062586212158203125e+01
5.495110839843750000e+03
5.122269531250000000e+03
5.089248046875000000e+03
5.157899414062500000e+03
5.079989013671875000e+02
6.007886230468750000e+03
-2.062586212158203125e+01
3.108517150878906250e+02
5.364764160156250000e+03
4.426291503906250000e+03
3.978198974609375000e+03
4.166416503906250000e+03
4.333383300781250000e+03
-2.062586212158203125e+01
5.062752929687500000e+03
5.073337402343750000e+03
5.228700683593750000e+03
4.441661621093750000e+03
4.435298339843750000e+03
4.536593261718750000e+03
-2.062586212158203125e+01
3.513081054687500000e+03
2.940834472656250000e+03
3.769026611328125000e+03
3.763751953125000000e+03
3.567941406250000000e+03
4.310294433593750000e+03
-2.062586212158203125e+01
5.457895019531250000e+03
4.922568359375000000e+03
4.756205566406250000e+03
4.701164062500000000e+03
2.599940490722656250e+02
5.609489257812500000e+03
-2.062586212158203125e+01
6.075885742187500000e+03
5.553830078125000000e+03
5.500459472656250000e+03
4.334713867187500000e+03
5.008596191406250000e+03
4.785588378906250000e+03
-2.062586212158203125e+01
4.363080078125000000e+03
3.700875000000000000e+03
4.249286621093750000e+03
-2.062586212158203125e+01
4.566821777343750000e+03
4.202786621093750000e+03
-2.062586212158203125e+01
5.690028808593750000e+03
4.286649902343750000e+03
5.368831542968750000e+03
4.678554687500000000e+03
5.078665527343750000e+03
4.488664062500000000e+03
-2.062586212158203125e+01
-2.062586212158203125e+01
4.358025878906250000e+03
3.678985107421875000e+03
3.751697265625000000e+03
3.850852539062500000e+03
3.541043212890625000e+03
-2.062586212158203125e+01
5.252813964843750000e+03
5.312773925781250000e+03
5.207625976562500000e+03
-2.062586212158203125e+01
5.977991699218750000e+03
4.702688964843750000e+03
-2.062586212158203125e+01
4.397262207031250000e+03
3.733723388671875000e+03
4.274957519531250000e+03
3.303950683593750000e+03
4.245821777343750000e+03
4.503954101562500000e+03
-2.062586212158203125e+01
5.221340820312500000e+03
5.099954589843750000e+03
4.894056152343750000e+03
4.449972167968750000e+03
4.601241210937500000e+03
4.683183593750000000e+03
-2.062586212158203125e+01
4.025865478515625000e+03
3.347914062500000000e+03
3.760922119140625000e+03
3.387973876953125000e+03
3.673203857421875000e+03
4.379265625000000000e+03
-2.062586212158203125e+01
5.440384765625000000e+03
4.981826660156250000e+03
4.789531738281250000e+03
4.727882324218750000e+03
5.146687011718750000e+03
4.575426757812500000e+03
-2.062586212158203125e+01
4.161790527343750000e+03
3.747135009765625000e+03
3.779244384765625000e+03
3.692826416015625000e+03
3.924852783203125000e+03
4.763751953125000000e+03
-2.062586212158203125e+01
5.756858398437500000e+03
5.225510253906250000e+03
5.157620117187500000e+03
4.853250488281250000e+03
5.168743652343750000e+03
4.515464355468750000e+03
-2.062586212158203125e+01
4.000435058593750000e+03
3.422508789062500000e+03
3.636118408203125000e+03
3.563959228515625000e+03
3.808793212890625000e+03
4.559493652343750000e+03
-2.062586212158203125e+01
5.671358886718750000e+03
5.164890136718750000e+03
5.024910156250000000e+03
4.909977050781250000e+03
5.205400878906250000e+03
