4.916579589843750000e+03
4.859513183593750000e+03
4.432048828125000000e+03
5.030572265625000000e+03
4.973951171875000000e+03
-2.385412931442260742e+00
4.538909179687500000e+03
3.355359130859375000e+03
3.784164794921875000e+03
3.790616455078125000e+03
4.515884277343750000e+03
4.736366699218750000e+03
-2.385412931442260742e+00
5.927154785156250000e+03
5.520053222656250000e+03
5.357793457031250000e+03
5.221562988281250000e+03
5.582141113281250000e+03
6.182676269531250000e+03
-2.385412931442260742e+00
6.943720214843750000e+03
5.906281250000000000e+03
6.134437500000000000e+03
6.506482421875000000e+03
6.249570800781250000e+03
6.206713867187500000e+03
-2.385412931442260742e+00
5.597026367187500000e+03
4.275573730468750000e+03
4.324393066406250000e+03
4.406569335937500000e+03
4.779950683593750000e+03
5.921107421875000000e+03
-2.385412931442260742e+00
7.432623046875000000e+03
6.929199218750000000e+03
7.210399414062500000e+03
6.752648925781250000e+03
7.370649414062500000e+03
7.353877929687500000e+03
-2.385412931442260742e+00
6.085375000000000000e+03
5.790599609375000000e+03
6.742536132812500000e+03
-2.385412931442260742e+00
-2.385412931442260742e+00
6.870807617187500000e+03
-2.385412931442260742e+00
5.657708496093750000e+03
5.535003417968750000e+03
3.369276367187500000e+03
4.110409164428710938e+01
4.515299804687500000e+03
5.546032226562500000e+03
-2.385412931442260742e+00
5.158076660156250000e+03
5.586266601562500000e+03
6.407019531250000000e+03
3.989770263671875000e+03
4.224673828125000000e+03
4.130704589843750000e+03
-2.385412931442260742e+00
6.377270019531250000e+03
5.100089355468750000e+03
4.758446289062500000e+03
4.247781250000000000e+03
4.578870117187500000e+03
4.441377441406250000e+03
-2.385412931442260742e+00
4.662182128906250000e+03
3.867866699218750000e+03
3.441444580078125000e+03
3.641860839843750000e+03
3.918336425781250000e+03
3.993210693359375000e+03
-2.385412931442260742e+00
5.727231933593750000e+03
4.861184570312500000e+03
4.613476074218750000e+03
4.460559082031250000e+03
4.945625976562500000e+03
5.120807128906250000e+03
-2.385412931442260742e+00
5.677844238281250000e+03
4.894229980468750000e+03
5.255852539062500000e+03
4.604085449218750000e+03
5.006327636718750000e+03
5.028613281250000000e+03
-2.385412931442260742e+00
4.542848144531250000e+03
3.711244873046875000e+03
3.722385986328125000e+03
3.622879394531250000e+03
4.209179199218750000e+03
4.731364257812500000e+03
-2.385412931442260742e+00
5.866594726562500000e+03
4.444412597656250000e+03
4.545383789062500000e+03
4.550316894531250000e+03
4.703522460937500000e+03
4.547322753906250000e+03
-2.385412931442260742e+00
3.900613037109375000e+03
3.518557861328125000e+03
3.811629150390625000e+03
3.886986328125000000e+03
4.272557128906250000e+03
4.594027832031250000e+03
-2.385412931442260742e+00
5.790336425781250000e+03
5.007360351562500000e+03
5.211716796875000000e+03
5.043732421875000000e+03
5.056365234375000000e+03
4.890492675781250000e+03
-2.385412931442260742e+00
4.075910888671875000e+03
3.514990966796875000e+03
3.851257812500000000e+03
3.967926025390625000e+03
3.988302001953125000e+03
4.050815185546875000e+03
-2.385412931442260742e+00
6.115267089843750000e+03
5.291873535156250000e+03
4.715963378906250000e+03
4.287341796875000000e+03
4.540375488281250000e+03
4.584711425781250000e+03
-2.385412931442260742e+00
3.632894775390625000e+03
3.740207763671875000e+03
3.576693115234375000e+03
3.477593261718750000e+03
4.138949707031250000e+03
4.388983886718750000e+03
-2.385412931442260742e+00
5.768996582031250000e+03
5.470948242187500000e+03
5.590371093750000000e+03
5.481456542968750000e+03
-2.385412931442260742e+00
6.943621582031250000e+03
-2.385412931442260742e+00
-2.385412931442260742e+00
4.524555175781250000e+03
3.918407226562500000e+03
3.861647949218750000e+03
4.252653320312500000e+03
4.052368164062500000e+03
-2.385412931442260742e+00
5.229520507812500000e+03
5.157302734375000000e+03
4.868110839843750000e+03
3.867527832031250000e+03
4.357876464843750000e+03
4.505540039062500000e+03
-2.385412931442260742e+00
3.662913818359375000e+03
3.365432128906250000e+03
3.865037109375000000e+03
3.185705566406250000e+03
3.669323974609375000e+03
4.170385742187500000e+03
-2.385412931442260742e+00
5.418106445312500000e+03
4.902249511718750000e+03
4.858561523437500000e+03
4.881283691406250000e+03
-2.385412931442260742e+00
6.546575683593750000e+03
-2.385412931442260742e+00
5.225887207031250000e+03
4.898885253906250000e+03
4.802697753906250000e+03
4.441756835937500000e+03
4.842867187500000000e+03
4.883386718750000000e+03
-2.385412931442260742e+00
4.395730468750000000e+03
3.650978515625000000e+03
3.751231933593750000e+03
-2.385412931442260742e+00
4.812163574218750000e+03
4.128166503906250000e+03
-2.385412931442260742e+00
4.965487792968750000e+03
3.902816162109375000e+03
5.087113769531250000e+03
4.458209472656250000e+03
4.288393554687500000e+03
4.308687011718750000e+03
-2.385412931442260742e+00
-2.385412931442260742e+00
4.038113281250000000e+03
3.774413085937500000e+03
4.040569091796875000e+03
4.175858886718750000e+03
4.218266113281250000e+03
-2.385412931442260742e+00
5.549687988281250000e+03
5.042810546875000000e+03
4.994332031250000000e+03
-2.385412931442260742e+00
6.374448730468750000e+03
4.729449218750000000e+03
-2.385412931442260742e+00
3.948612304687500000e+03
3.751840087890625000e+03
4.007642333984375000e+03
3.752475830078125000e+03
3.748028808593750000e+03
4.377482910156250000e+03
-2.385412931442260742e+00
5.195005859375000000e+03
4.680668945312500000e+03
4.573379882812500000e+03
4.011375000000000000e+03
4.389069824218750000e+03
4.559006347656250000e+03
-2.385412931442260742e+00
3.670433837890625000e+03
3.955776611328125000e+03
3.576447509765625000e+03
3.442109130859375000e+03
3.793260986328125000e+03
3.971938476562500000e+03
-2.385412931442260742e+00
5.187369628906250000e+03
4.743996582031250000e+03
4.998769042968750000e+03
4.756350585937500000e+03
4.998481933593750000e+03
4.643506835937500000e+03
-2.385412931442260742e+00
4.012837646484375000e+03
3.858830078125000000e+03
3.871116943359375000e+03
3.642694091796875000e+03
4.041921142578125000e+03
4.296746093750000000e+03
-2.385412931442260742e+00
5.485847656250000000e+03
4.957301757812500000e+03
4.940794921875000000e+03
4.443069335937500000e+03
4.705433593750000000e+03
4.550826660156250000e+03
-2.385412931442260742e+00
3.855117675781250000e+03
3.682642822265625000e+03
3.890378173828125000e+03
3.487936523437500000e+03
3.909009277343750000e+03
4.292938964843750000e+03
-2.385412931442260742e+00
5.559900878906250000e+03
5.248967285156250000e+03
5.040970214843750000e+03
4.519426757812500000e+03
4.719217773437500000e+03
