4.671140625000000000e+03
4.716639160156250000e+03
4.304625488281250000e+03
4.692540527343750000e+03
4.768438476562500000e+03
-8.327821731567382812e+00
4.230340332031250000e+03
3.286117187500000000e+03
3.642718505859375000e+03
3.681448242187500000e+03
4.436364257812500000e+03
4.509193847656250000e+03
-8.327821731567382812e+00
5.802315429687500000e+03
5.302912109375000000e+03
5.200878906250000000e+03
5.007701660156250000e+03
5.371376464843750000e+03
6.195385253906250000e+03
-8.327821731567382812e+00
6.920326660156250000e+03
5.793438476562500000e+03
5.939568359375000000e+03
6.439331054687500000e+03
6.518128417968750000e+03
6.277000000000000000e+03
-8.327821731567382812e+00
5.445439941406250000e+03
3.954370361328125000e+03
4.124957031250000000e+03
4.252404296875000000e+03
4.718750976562500000e+03
6.066029785156250000e+03
-8.327821731567382812e+00
7.386824707031250000e+03
6.831547363281250000e+03
7.058475585937500000e+03
6.761483886718750000e+03
7.540534667968750000e+03
7.432403320312500000e+03
-8.327821731567382812e+00
6.054020996093750000e+03
5.595845214843750000e+03
6.441643554687500000e+03
-8.327821731567382812e+00
-8.327821731567382812e+00
7.121668945312500000e+03
-8.327821731567382812e+00
5.526003906250000000e+03
5.717935058593750000e+03
3.537093017578125000e+03
1.982039947509765625e+02
4.184137695312500000e+03
5.505457031250000000e+03
-8.327821731567382812e+00
5.137623046875000000e+03
5.556369628906250000e+03
6.357403808593750000e+03
3.874084960937500000e+03
4.070774902343750000e+03
3.946646484375000000e+03
-8.327821731567382812e+00
6.335290527343750000e+03
4.886116699218750000e+03
4.670421875000000000e+03
4.174671875000000000e+03
4.496164062500000000e+03
4.289176269531250000e+03
-8.327821731567382812e+00
4.402408203125000000e+03
3.779389648437500000e+03
3.347554931640625000e+03
3.533371093750000000e+03
3.859611572265625000e+03
3.908477783203125000e+03
-8.327821731567382812e+00
5.529502441406250000e+03
4.624033691406250000e+03
4.536256835937500000e+03
4.353075683593750000e+03
4.918981445312500000e+03
4.969679687500000000e+03
-8.327821731567382812e+00
5.565281250000000000e+03
4.682450195312500000e+03
5.108276367187500000e+03
4.441968261718750000e+03
4.735610839843750000e+03
4.878479492187500000e+03
-8.327821731567382812e+00
4.250304199218750000e+03
3.629348632812500000e+03
3.579002441406250000e+03
3.517593505859375000e+03
4.165142089843750000e+03
4.546100585937500000e+03
-8.327821731567382812e+00
5.709156738281250000e+03
4.166820312500000000e+03
4.439718261718750000e+03
4.445409667968750000e+03
4.665599609375000000e+03
4.449813964843750000e+03
-8.327821731567382812e+00
3.846912597656250000e+03
3.402836669921875000e+03
3.678338378906250000e+03
3.745200927734375000e+03
4.199210937500000000e+03
4.503956054687500000e+03
-8.327821731567382812e+00
5.583049316406250000e+03
4.786400390625000000e+03
5.088536621093750000e+03
4.885817382812500000e+03
4.810363769531250000e+03
4.734443847656250000e+03
-8.327821731567382812e+00
3.964277099609375000e+03
3.405703857421875000e+03
3.709714111328125000e+03
3.843477050781250000e+03
3.904677490234375000e+03
3.958650146484375000e+03
-8.327821731567382812e+00
5.928830078125000000e+03
5.041771972656250000e+03
4.606258789062500000e+03
4.185932128906250000e+03
4.507684570312500000e+03
4.446482910156250000e+03
-8.327821731567382812e+00
3.599410400390625000e+03
3.646906494140625000e+03
3.457228027343750000e+03
3.351572753906250000e+03
4.090815917968750000e+03
4.282301757812500000e+03
-8.327821731567382812e+00
5.537834472656250000e+03
5.258836425781250000e+03
5.458940429687500000e+03
5.316689453125000000e+03
-8.327821731567382812e+00
6.811845703125000000e+03
-8.327821731567382812e+00
-8.327821731567382812e+00
4.350959472656250000e+03
3.826380126953125000e+03
3.956250488281250000e+03
4.178487304687500000e+03
3.931863769531250000e+03
-8.327821731567382812e+00
4.969913574218750000e+03
5.051201660156250000e+03
4.787655273437500000e+03
3.786046386718750000e+03
4.371126953125000000e+03
4.352044921875000000e+03
-8.327821731567382812e+00
3.546443847656250000e+03
3.252359375000000000e+03
3.706625000000000000e+03
3.060678466796875000e+03
3.623980957031250000e+03
4.073900146484375000e+03
-8.327821731567382812e+00
5.165350097656250000e+03
4.616283691406250000e+03
4.752381347656250000e+03
4.768794921875000000e+03
-8.327821731567382812e+00
6.379583984375000000e+03
-8.327821731567382812e+00
5.054678222656250000e+03
4.774398925781250000e+03
4.710879394531250000e+03
4.488770996093750000e+03
4.821507324218750000e+03
4.809332031250000000e+03
-8.327821731567382812e+00
4.037638427734375000e+03
3.551638183593750000e+03
3.633135742187500000e+03
-8.327821731567382812e+00
4.638248535156250000e+03
4.023315429687500000e+03
-8.327821731567382812e+00
4.798467285156250000e+03
3.977895263671875000e+03
5.025901855468750000e+03
4.387162109375000000e+03
4.159328613281250000e+03
4.188876953125000000e+03
-8.327821731567382812e+00
-8.327821731567382812e+00
4.143262695312500000e+03
3.640172851562500000e+03
3.928056640625000000e+03
4.009275390625000000e+03
4.360212890625000000e+03
-8.327821731567382812e+00
5.299663574218750000e+03
4.918290039062500000e+03
4.888098144531250000e+03
-8.327821731567382812e+00
6.183430664062500000e+03
4.565376953125000000e+03
-8.327821731567382812e+00
3.809593261718750000e+03
3.642726318359375000e+03
4.027429443359375000e+03
3.605492675781250000e+03
3.609080322265625000e+03
4.270225585937500000e+03
-8.327821731567382812e+00
5.057152343750000000e+03
4.643698242187500000e+03
4.457373535156250000e+03
3.918460449218750000e+03
4.311061035156250000e+03
4.427434082031250000e+03
-8.327821731567382812e+00
3.631082763671875000e+03
3.832898925781250000e+03
3.470094970703125000e+03
3.295633544921875000e+03
3.741145019531250000e+03
3.860436523437500000e+03
-8.327821731567382812e+00
4.930770996093750000e+03
4.446301269531250000e+03
4.911348144531250000e+03
4.628371093750000000e+03
4.937537597656250000e+03
4.444891601562500000e+03
-8.327821731567382812e+00
3.906585449218750000e+03
3.720237548828125000e+03
3.719724609375000000e+03
3.499021972656250000e+03
3.990516357421875000e+03
4.163172851562500000e+03
-8.327821731567382812e+00
5.266167968750000000e+03
4.653204589843750000e+03
4.842709472656250000e+03
4.349119628906250000e+03
4.564592285156250000e+03
4.411533203125000000e+03
-8.327821731567382812e+00
3.766348388671875000e+03
3.579391601562500000e+03
3.728759033203125000e+03
3.361257080078125000e+03
3.849902587890625000e+03
4.188549316406250000e+03
-8.327821731567382812e+00
5.340510253906250000e+03
4.958415527343750000e+03
4.915982910156250000e+03
4.391867187500000000e+03
4.682409179687500000e+03
