5.291461425781250000e+03
5.230637695312500000e+03
4.954331054687500000e+03
5.203049316406250000e+03
5.303486328125000000e+03
1.965178847312927246e+00
4.845136718750000000e+03
3.642287353515625000e+03
3.999312744140625000e+03
3.843642089843750000e+03
4.289284179687500000e+03
4.869695312500000000e+03
1.965178847312927246e+00
5.885151855468750000e+03
5.665019531250000000e+03
5.475493652343750000e+03
5.460143554687500000e+03
5.772569335937500000e+03
5.637515625000000000e+03
1.965178847312927246e+00
6.454975585937500000e+03
5.998097167968750000e+03
6.587430175781250000e+03
6.482769531250000000e+03
6.100316894531250000e+03
6.397533203125000000e+03
1.965178847312927246e+00
5.858388183593750000e+03
5.068590820312500000e+03
4.875022460937500000e+03
4.972390625000000000e+03
5.334944824218750000e+03
6.072882812500000000e+03
1.965178847312927246e+00
7.022146972656250000e+03
6.746300292968750000e+03
6.787261718750000000e+03
7.115263183593750000e+03
7.155729980468750000e+03
7.008392578125000000e+03
1.965178847312927246e+00
5.901434082031250000e+03
5.990441894531250000e+03
6.920236328125000000e+03
1.965178847312927246e+00
3.530567626953125000e+02
7.794261718750000000e+03
1.965178847312927246e+00
6.231776855468750000e+03
5.336433105468750000e+03
3.921913574218750000e+03
1.968584594726562500e+02
5.405908203125000000e+03
5.097223144531250000e+03
1.965178847312927246e+00
5.167224609375000000e+03
5.174600585937500000e+03
6.305453613281250000e+03
4.139824218750000000e+03
4.851551757812500000e+03
4.281735351562500000e+03
1.965178847312927246e+00
6.120394531250000000e+03
5.323099609375000000e+03
4.629791015625000000e+03
4.561111816406250000e+03
5.205310546875000000e+03
5.011608886718750000e+03
1.965178847312927246e+00
4.848079589843750000e+03
3.832676513671875000e+03
3.495133544921875000e+03
3.656210205078125000e+03
3.558111083984375000e+03
4.296495605468750000e+03
1.965178847312927246e+00
5.685455078125000000e+03
5.119227050781250000e+03
4.713871093750000000e+03
4.584879394531250000e+03
5.235635253906250000e+03
4.946018554687500000e+03
1.965178847312927246e+00
5.501753417968750000e+03
5.186231933593750000e+03
5.442164550781250000e+03
4.951393554687500000e+03
5.534750000000000000e+03
5.364855468750000000e+03
1.965178847312927246e+00
4.929134765625000000e+03
3.909310546875000000e+03
3.938018310546875000e+03
3.786883789062500000e+03
4.212981445312500000e+03
4.896669921875000000e+03
1.965178847312927246e+00
5.847388183593750000e+03
4.885112304687500000e+03
4.866437500000000000e+03
4.739801269531250000e+03
5.092461914062500000e+03
4.592398925781250000e+03
1.965178847312927246e+00
4.116220703125000000e+03
3.461191650390625000e+03
3.779175048828125000e+03
3.769473632812500000e+03
4.068353027343750000e+03
4.752923828125000000e+03
1.965178847312927246e+00
5.757053222656250000e+03
5.211005371093750000e+03
5.328565917968750000e+03
5.210470214843750000e+03
5.427186035156250000e+03
5.098243652343750000e+03
1.965178847312927246e+00
4.605311035156250000e+03
3.591859619140625000e+03
4.026125488281250000e+03
3.971385742187500000e+03
4.232771972656250000e+03
4.588144042968750000e+03
1.965178847312927246e+00
6.067395019531250000e+03
5.409654296875000000e+03
4.938232910156250000e+03
4.625247070312500000e+03
4.886505371093750000e+03
4.656368164062500000e+03
1.965178847312927246e+00
3.930495117187500000e+03
3.668955810546875000e+03
3.569512695312500000e+03
3.398492675781250000e+03
3.908658447265625000e+03
4.491773437500000000e+03
1.965178847312927246e+00
5.670389160156250000e+03
5.439969726562500000e+03
5.472063476562500000e+03
5.475926269531250000e+03
1.965178847312927246e+00
6.456407226562500000e+03
1.965178847312927246e+00
1.965178847312927246e+00
5.036599609375000000e+03
4.332166503906250000e+03
3.854426269531250000e+03
4.163021972656250000e+03
4.361437011718750000e+03
1.965178847312927246e+00
5.370915039062500000e+03
5.383091308593750000e+03
4.973057617187500000e+03
3.792873046875000000e+03
4.721844238281250000e+03
4.503741210937500000e+03
1.965178847312927246e+00
3.779133300781250000e+03
3.356879150390625000e+03
3.911441406250000000e+03
3.198829345703125000e+03
3.594133300781250000e+03
4.184417968750000000e+03
1.965178847312927246e+00
5.563304687500000000e+03
5.079614257812500000e+03
4.799163085937500000e+03
4.843931640625000000e+03
1.965178847312927246e+00
6.122334960937500000e+03
1.965178847312927246e+00
5.868752929687500000e+03
5.277888671875000000e+03
5.126750488281250000e+03
4.884897949218750000e+03
5.160875976562500000e+03
5.269001953125000000e+03
1.965178847312927246e+00
4.645210937500000000e+03
3.800628662109375000e+03
4.007156982421875000e+03
1.965178847312927246e+00
5.313742675781250000e+03
4.346697753906250000e+03
1.965178847312927246e+00
5.265062988281250000e+03
4.197722167968750000e+03
5.211411621093750000e+03
4.472284667968750000e+03
4.826531250000000000e+03
4.163606933593750000e+03
1.965178847312927246e+00
1.965178847312927246e+00
4.453744140625000000e+03
3.841332519531250000e+03
4.169495117187500000e+03
4.018360107421875000e+03
3.488976074218750000e+03
1.965178847312927246e+00
5.656707031250000000e+03
5.226567871093750000e+03
4.941227050781250000e+03
1.965178847312927246e+00
6.263509765625000000e+03
4.986900878906250000e+03
1.965178847312927246e+00
4.368237304687500000e+03
3.767413330078125000e+03
3.858611083984375000e+03
3.716421386718750000e+03
3.846075439453125000e+03
4.440658691406250000e+03
1.965178847312927246e+00
5.343514648437500000e+03
5.189386718750000000e+03
4.574514160156250000e+03
4.352155761718750000e+03
4.533932617187500000e+03
4.741904785156250000e+03
1.965178847312927246e+00
4.096838378906250000e+03
3.731414062500000000e+03
3.510587890625000000e+03
3.422714111328125000e+03
3.613962890625000000e+03
4.122987792968750000e+03
1.965178847312927246e+00
5.396092773437500000e+03
4.982991210937500000e+03
4.924242187500000000e+03
4.770801757812500000e+03
5.410648437500000000e+03
4.640600585937500000e+03
1.965178847312927246e+00
4.189906250000000000e+03
3.808526367187500000e+03
3.876372314453125000e+03
3.663789794921875000e+03
3.946885986328125000e+03
4.723308593750000000e+03
1.965178847312927246e+00
5.726917480468750000e+03
5.267173828125000000e+03
5.144865234375000000e+03
4.649502441406250000e+03
5.262730468750000000e+03
4.480043457031250000e+03
1.965178847312927246e+00
4.026428710937500000e+03
3.539124023437500000e+03
3.921377441406250000e+03
3.495413574218750000e+03
3.689778076171875000e+03
4.478912597656250000e+03
1.965178847312927246e+00
5.711945312500000000e+03
5.393896972656250000e+03
5.103691406250000000e+03
4.785943847656250000e+03
5.183156738281250000e+03
