5.018544433593750000e+03
4.939669921875000000e+03
4.504057128906250000e+03
5.306621582031250000e+03
5.046833496093750000e+03
-1.926760315895080566e+00
4.678400390625000000e+03
3.302301269531250000e+03
3.862370117187500000e+03
3.788409423828125000e+03
4.449318359375000000e+03
4.766668457031250000e+03
-1.926760315895080566e+00
5.921172851562500000e+03
5.597884277343750000e+03
5.389187500000000000e+03
5.372475097656250000e+03
5.625020507812500000e+03
5.955553710937500000e+03
-1.926760315895080566e+00
6.771551757812500000e+03
5.874680175781250000e+03
6.269909179687500000e+03
6.472051757812500000e+03
6.236639160156250000e+03
6.450560058593750000e+03
-1.926760315895080566e+00
5.590743652343750000e+03
4.430799316406250000e+03
4.474639160156250000e+03
4.561348144531250000e+03
4.883996093750000000e+03
6.170366210937500000e+03
-1.926760315895080566e+00
7.368689941406250000e+03
6.827457031250000000e+03
7.185524414062500000e+03
7.222898925781250000e+03
7.338642578125000000e+03
7.392698242187500000e+03
-1.926760315895080566e+00
5.943126953125000000e+03
5.778242675781250000e+03
6.893401367187500000e+03
-1.926760315895080566e+00
-1.926760315895080566e+00
7.266975097656250000e+03
-1.926760315895080566e+00
5.636730468750000000e+03
5.715469238281250000e+03
3.543146484375000000e+03
-1.926760315895080566e+00
4.638358886718750000e+03
5.474957031250000000e+03
-1.926760315895080566e+00
4.802618652343750000e+03
5.460872070312500000e+03
6.326738769531250000e+03
3.979344726562500000e+03
4.276332519531250000e+03
4.226254882812500000e+03
-1.926760315895080566e+00
6.293042480468750000e+03
5.095995117187500000e+03
4.730387207031250000e+03
4.241735351562500000e+03
4.611452148437500000e+03
4.503966796875000000e+03
-1.926760315895080566e+00
4.750354980468750000e+03
3.848964111328125000e+03
3.399536621093750000e+03
3.660115722656250000e+03
3.870037109375000000e+03
3.929337402343750000e+03
-1.926760315895080566e+00
5.755344726562500000e+03
4.932000000000000000e+03
4.567273437500000000e+03
4.487847167968750000e+03
4.947607421875000000e+03
5.094509765625000000e+03
-1.926760315895080566e+00
5.598550781250000000e+03
4.987069335937500000e+03
5.303763183593750000e+03
4.677552734375000000e+03
5.182031738281250000e+03
5.129291503906250000e+03
-1.926760315895080566e+00
4.663176269531250000e+03
3.705505615234375000e+03
3.790588623046875000e+03
3.647908935546875000e+03
4.160530273437500000e+03
4.763873535156250000e+03
-1.926760315895080566e+00
5.895064453125000000e+03
4.522800781250000000e+03
4.574946289062500000e+03
4.561606445312500000e+03
4.759784179687500000e+03
4.479242675781250000e+03
-1.926760315895080566e+00
3.908908203125000000e+03
3.516903808593750000e+03
3.790452636718750000e+03
3.868806640625000000e+03
4.252426757812500000e+03
4.518541015625000000e+03
-1.926760315895080566e+00
5.837874511718750000e+03
5.057489257812500000e+03
5.222153808593750000e+03
5.095942871093750000e+03
5.185356445312500000e+03
4.954724121093750000e+03
-1.926760315895080566e+00
4.239306640625000000e+03
3.512272460937500000e+03
3.886409912109375000e+03
3.983278564453125000e+03
4.017280029296875000e+03
4.099674804687500000e+03
-1.926760315895080566e+00
6.189270507812500000e+03
5.289741210937500000e+03
4.745202636718750000e+03
4.348224609375000000e+03
4.493053710937500000e+03
4.630715820312500000e+03
-1.926760315895080566e+00
3.577849121093750000e+03
3.757985595703125000e+03
3.518511962890625000e+03
3.466955078125000000e+03
4.097804687500000000e+03
4.343089355468750000e+03
-1.926760315895080566e+00
5.798434570312500000e+03
5.504295898437500000e+03
5.567119628906250000e+03
5.496342773437500000e+03
-1.926760315895080566e+00
6.819523925781250000e+03
-1.926760315895080566e+00
-1.926760315895080566e+00
4.567601562500000000e+03
4.034959472656250000e+03
3.915744628906250000e+03
4.312788574218750000e+03
4.364561035156250000e+03
-1.926760315895080566e+00
5.311151855468750000e+03
5.188330566406250000e+03
4.849019531250000000e+03
3.788778808593750000e+03
4.371182128906250000e+03
4.571759765625000000e+03
-1.926760315895080566e+00
3.719920898437500000e+03
3.346203125000000000e+03
3.897037597656250000e+03
3.215289550781250000e+03
3.768091796875000000e+03
4.158210449218750000e+03
-1.926760315895080566e+00
5.534084472656250000e+03
4.995473144531250000e+03
4.822404296875000000e+03
4.858864746093750000e+03
-1.926760315895080566e+00
6.418788085937500000e+03
-1.926760315895080566e+00
5.406856445312500000e+03
4.993301757812500000e+03
4.834057128906250000e+03
4.854734375000000000e+03
4.830003906250000000e+03
5.008281250000000000e+03
-1.926760315895080566e+00
4.521866210937500000e+03
3.723171142578125000e+03
3.766863525390625000e+03
-1.926760315895080566e+00
5.216604492187500000e+03
4.290362792968750000e+03
-1.926760315895080566e+00
5.006206054687500000e+03
4.130623535156250000e+03
5.223712402343750000e+03
4.418825195312500000e+03
4.436633789062500000e+03
4.320594238281250000e+03
-1.926760315895080566e+00
-1.926760315895080566e+00
4.026099853515625000e+03
3.873592529296875000e+03
4.077262207031250000e+03
4.316430175781250000e+03
4.163657714843750000e+03
-1.926760315895080566e+00
5.668835449218750000e+03
5.043855468750000000e+03
4.995510253906250000e+03
-1.926760315895080566e+00
6.333152832031250000e+03
4.820077148437500000e+03
-1.926760315895080566e+00
4.110866699218750000e+03
3.863707275390625000e+03
4.081778808593750000e+03
3.852126953125000000e+03
3.797067138671875000e+03
4.449945800781250000e+03
-1.926760315895080566e+00
5.238404785156250000e+03
4.860100097656250000e+03
4.587586914062500000e+03
4.015428222656250000e+03
4.445574218750000000e+03
4.536659667968750000e+03
-1.926760315895080566e+00
3.751444335937500000e+03
4.000773437500000000e+03
3.509752197265625000e+03
3.473169921875000000e+03
3.759562988281250000e+03
3.970344970703125000e+03
-1.926760315895080566e+00
5.270579589843750000e+03
4.863655273437500000e+03
4.930667968750000000e+03
4.762165039062500000e+03
5.225242187500000000e+03
4.725046875000000000e+03
-1.926760315895080566e+00
4.081792724609375000e+03
3.883073486328125000e+03
3.860578369140625000e+03
3.672540283203125000e+03
4.006582031250000000e+03
4.357104980468750000e+03
-1.926760315895080566e+00
5.581737304687500000e+03
5.079614257812500000e+03
4.934691406250000000e+03
4.434925292968750000e+03
5.009076660156250000e+03
4.581023437500000000e+03
-1.926760315895080566e+00
3.912127441406250000e+03
3.608076171875000000e+03
3.931726074218750000e+03
3.475333740234375000e+03
3.871313476562500000e+03
4.298766601562500000e+03
-1.926760315895080566e+00
5.635425781250000000e+03
5.348149902343750000e+03
5.052122070312500000e+03
4.564646484375000000e+03
4.875471679687500000e+03
