4.993859863281250000e+03
4.895374511718750000e+03
4.475512207031250000e+03
5.150586914062500000e+03
5.034539062500000000e+03
-1.197742000222206116e-01
4.608722656250000000e+03
3.379617431640625000e+03
3.820126953125000000e+03
3.779994628906250000e+03
4.541735839843750000e+03
4.793303222656250000e+03
-1.197742000222206116e-01
5.932434570312500000e+03
5.587261230468750000e+03
5.369155761718750000e+03
5.312599609375000000e+03
5.620645019531250000e+03
6.108147949218750000e+03
-1.197742000222206116e-01
6.889528808593750000e+03
5.942766601562500000e+03
6.193389160156250000e+03
6.487512695312500000e+03
6.374347167968750000e+03
6.379703125000000000e+03
-1.197742000222206116e-01
5.598360351562500000e+03
4.390732910156250000e+03
4.406529296875000000e+03
4.472383300781250000e+03
4.839601562500000000e+03
6.112741210937500000e+03
-1.197742000222206116e-01
7.429708496093750000e+03
6.946774902343750000e+03
7.231442871093750000e+03
7.064386230468750000e+03
7.494046875000000000e+03
7.453410156250000000e+03
-1.197742000222206116e-01
6.049647460937500000e+03
5.825820800781250000e+03
6.812643066406250000e+03
-1.197742000222206116e-01
-1.197742000222206116e-01
7.092555175781250000e+03
-1.197742000222206116e-01
5.629965820312500000e+03
5.724244628906250000e+03
3.415846679687500000e+03
-1.197742000222206116e-01
4.577057617187500000e+03
5.645517578125000000e+03
-1.197742000222206116e-01
5.043617187500000000e+03
5.608333007812500000e+03
6.392883789062500000e+03
3.985711914062500000e+03
4.331504882812500000e+03
4.164511230468750000e+03
-1.197742000222206116e-01
6.284361816406250000e+03
5.123897460937500000e+03
4.777009277343750000e+03
4.236655761718750000e+03
4.654004394531250000e+03
4.491283203125000000e+03
-1.197742000222206116e-01
4.699312988281250000e+03
3.929824462890625000e+03
3.410426513671875000e+03
3.651763671875000000e+03
3.953339355468750000e+03
3.969562744140625000e+03
-1.197742000222206116e-01
5.741336914062500000e+03
4.917298339843750000e+03
4.584616699218750000e+03
4.481215820312500000e+03
4.965334472656250000e+03
5.125963378906250000e+03
-1.197742000222206116e-01
5.658701171875000000e+03
4.974562988281250000e+03
5.279731933593750000e+03
4.649053710937500000e+03
5.085571289062500000e+03
5.095220214843750000e+03
-1.197742000222206116e-01
4.591112792968750000e+03
3.747527587890625000e+03
3.761226074218750000e+03
3.629999511718750000e+03
4.239042968750000000e+03
4.789287597656250000e+03
-1.197742000222206116e-01
5.893958984375000000e+03
4.520203613281250000e+03
4.544236816406250000e+03
4.559424804687500000e+03
4.740591796875000000e+03
4.530301269531250000e+03
-1.197742000222206116e-01
3.910984375000000000e+03
3.557341064453125000e+03
3.789988281250000000e+03
3.883770019531250000e+03
4.316909179687500000e+03
4.577325195312500000e+03
-1.197742000222206116e-01
5.821996582031250000e+03
5.068775878906250000e+03
5.210611328125000000e+03
5.076866699218750000e+03
5.131894531250000000e+03
4.948513183593750000e+03
-1.197742000222206116e-01
4.154514160156250000e+03
3.554286865234375000e+03
3.862067871093750000e+03
3.974476074218750000e+03
4.061808593750000000e+03
4.099785156250000000e+03
-1.197742000222206116e-01
6.154216796875000000e+03
5.326557128906250000e+03
4.725795898437500000e+03
4.326719726562500000e+03
4.586051757812500000e+03
4.627034667968750000e+03
-1.197742000222206116e-01
3.609365722656250000e+03
3.776613037109375000e+03
3.540088134765625000e+03
3.477458007812500000e+03
4.164858886718750000e+03
4.390901855468750000e+03
-1.197742000222206116e-01
5.780212890625000000e+03
5.536551757812500000e+03
5.579137207031250000e+03
5.492976074218750000e+03
-1.197742000222206116e-01
6.938739746093750000e+03
-1.197742000222206116e-01
-1.197742000222206116e-01
4.575118652343750000e+03
4.014381347656250000e+03
3.925406494140625000e+03
4.327897460937500000e+03
4.276560058593750000e+03
-1.197742000222206116e-01
5.302542968750000000e+03
5.197990234375000000e+03
4.846547851562500000e+03
3.858121337890625000e+03
4.390296386718750000e+03
4.529683593750000000e+03
-1.197742000222206116e-01
3.693910644531250000e+03
3.372484130859375000e+03
3.915742187500000000e+03
3.187388183593750000e+03
3.794165039062500000e+03
4.209949707031250000e+03
-1.197742000222206116e-01
5.465952148437500000e+03
4.972856933593750000e+03
4.840539062500000000e+03
4.877278808593750000e+03
-1.197742000222206116e-01
6.535709472656250000e+03
-1.197742000222206116e-01
5.319345214843750000e+03
4.964992675781250000e+03
4.841811523437500000e+03
4.643370605468750000e+03
4.898489746093750000e+03
4.945533691406250000e+03
-1.197742000222206116e-01
4.490463867187500000e+03
3.738061523437500000e+03
3.759558349609375000e+03
-1.197742000222206116e-01
5.054700683593750000e+03
4.212321777343750000e+03
-1.197742000222206116e-01
4.974921875000000000e+03
4.104135253906250000e+03
5.209743652343750000e+03
4.442740722656250000e+03
4.409693847656250000e+03
4.332926757812500000e+03
-1.197742000222206116e-01
-1.197742000222206116e-01
3.997250732421875000e+03
3.829605712890625000e+03
4.032520019531250000e+03
4.281723144531250000e+03
4.222550292968750000e+03
-1.197742000222206116e-01
5.586554687500000000e+03
5.075292968750000000e+03
4.992097167968750000e+03
-1.197742000222206116e-01
6.405366699218750000e+03
4.802807128906250000e+03
-1.197742000222206116e-01
4.030199218750000000e+03
3.857949951171875000e+03
4.123763183593750000e+03
3.807631835937500000e+03
3.818221679687500000e+03
4.455381347656250000e+03
-1.197742000222206116e-01
5.231921875000000000e+03
4.779753417968750000e+03
4.581369628906250000e+03
4.009091308593750000e+03
4.472901855468750000e+03
4.577519531250000000e+03
-1.197742000222206116e-01
3.652290039062500000e+03
4.040808105468750000e+03
3.537003173828125000e+03
3.467887207031250000e+03
3.833079345703125000e+03
3.996958007812500000e+03
-1.197742000222206116e-01
5.225899902343750000e+03
4.841406738281250000e+03
4.960031738281250000e+03
4.771070800781250000e+03
5.114238281250000000e+03
4.718676757812500000e+03
-1.197742000222206116e-01
4.070098632812500000e+03
3.909880371093750000e+03
3.873819824218750000e+03
3.665678466796875000e+03
4.080383300781250000e+03
4.346782226562500000e+03
-1.197742000222206116e-01
5.533060058593750000e+03
5.045545410156250000e+03
4.936052734375000000e+03
4.451796875000000000e+03
4.884355468750000000e+03
4.590691894531250000e+03
-1.197742000222206116e-01
3.891414062500000000e+03
3.682474121093750000e+03
3.910467041015625000e+03
3.489193115234375000e+03
3.948332031250000000e+03
4.312296875000000000e+03
-1.197742000222206116e-01
5.596328125000000000e+03
5.322754394531250000e+03
5.048615722656250000e+03
4.560819335937500000e+03
4.774274902343750000e+03
