4.911887695312500000e+03
4.890471679687500000e+03
4.459951171875000000e+03
5.365996093750000000e+03
5.035767578125000000e+03
-6.869245052337646484e+00
4.750072753906250000e+03
3.191427246093750000e+03
3.792070800781250000e+03
3.680457519531250000e+03
4.132669433593750000e+03
4.689460449218750000e+03
-6.869245052337646484e+00
5.679147460937500000e+03
5.453722167968750000e+03
5.296149414062500000e+03
5.223234863281250000e+03
5.587542968750000000e+03
5.947236816406250000e+03
-6.869245052337646484e+00
6.286796875000000000e+03
5.631257324218750000e+03
6.244009765625000000e+03
6.238760742187500000e+03
6.153586914062500000e+03
6.689271972656250000e+03
-6.869245052337646484e+00
5.554913085937500000e+03
4.534092773437500000e+03
4.425063964843750000e+03
4.550960449218750000e+03
5.246520507812500000e+03
5.890979492187500000e+03
-6.869245052337646484e+00
6.964505371093750000e+03
6.508119628906250000e+03
6.802675781250000000e+03
7.168464355468750000e+03
7.163078613281250000e+03
7.079027832031250000e+03
-6.869245052337646484e+00
5.662285156250000000e+03
5.693519531250000000e+03
6.787841796875000000e+03
-6.869245052337646484e+00
-6.869245052337646484e+00
7.699286132812500000e+03
-6.869245052337646484e+00
5.840269042968750000e+03
5.528042968750000000e+03
3.526066406250000000e+03
-6.869245052337646484e+00
4.941352050781250000e+03
5.019447753906250000e+03
-6.869245052337646484e+00
4.564657226562500000e+03
5.427759277343750000e+03
5.929922363281250000e+03
3.827220458984375000e+03
4.486243164062500000e+03
4.241620605468750000e+03
-6.869245052337646484e+00
6.037149414062500000e+03
5.007753417968750000e+03
4.439578125000000000e+03
4.252042480468750000e+03
4.801434570312500000e+03
4.520868652343750000e+03
-6.869245052337646484e+00
4.764740234375000000e+03
3.665631835937500000e+03
3.300900634765625000e+03
3.503343994140625000e+03
3.492925537109375000e+03
3.910084960937500000e+03
-6.869245052337646484e+00
5.559965820312500000e+03
4.855570312500000000e+03
4.469866699218750000e+03
4.369568847656250000e+03
5.047049316406250000e+03
4.866940917968750000e+03
-6.869245052337646484e+00
5.282827148437500000e+03
4.855125488281250000e+03
5.216710937500000000e+03
4.616002929687500000e+03
5.237532226562500000e+03
5.118292480468750000e+03
-6.869245052337646484e+00
4.760923828125000000e+03
3.587912109375000000e+03
3.696101074218750000e+03
3.570208984375000000e+03
3.951960205078125000e+03
4.710079101562500000e+03
-6.869245052337646484e+00
5.682207519531250000e+03
4.449100097656250000e+03
4.540496093750000000e+03
4.461600097656250000e+03
4.830553710937500000e+03
4.295147949218750000e+03
-6.869245052337646484e+00
3.842390380859375000e+03
3.398533691406250000e+03
3.695063964843750000e+03
3.716217041015625000e+03
3.873181396484375000e+03
4.520433593750000000e+03
-6.869245052337646484e+00
5.629381347656250000e+03
4.949550781250000000e+03
5.134052734375000000e+03
5.008629394531250000e+03
5.174788574218750000e+03
4.831570312500000000e+03
-6.869245052337646484e+00
4.340133789062500000e+03
3.428101318359375000e+03
3.797603515625000000e+03
3.856633056640625000e+03
3.973833740234375000e+03
4.177726562500000000e+03
-6.869245052337646484e+00
5.989253417968750000e+03
5.178447753906250000e+03
4.669525390625000000e+03
4.269790039062500000e+03
4.515712890625000000e+03
4.421623046875000000e+03
-6.869245052337646484e+00
3.604740234375000000e+03
3.662717285156250000e+03
3.409939208984375000e+03
3.299178222656250000e+03
3.733427001953125000e+03
4.184105957031250000e+03
-6.869245052337646484e+00
5.588599609375000000e+03
5.316493164062500000e+03
5.428740234375000000e+03
5.390979980468750000e+03
-6.869245052337646484e+00
6.358350097656250000e+03
-6.869245052337646484e+00
-6.869245052337646484e+00
4.671794921875000000e+03
3.934762939453125000e+03
3.909455322265625000e+03
4.064257324218750000e+03
4.421318359375000000e+03
-6.869245052337646484e+00
5.183731445312500000e+03
5.107649902343750000e+03
4.789771484375000000e+03
3.545791015625000000e+03
4.446225585937500000e+03
4.531939941406250000e+03
-6.869245052337646484e+00
3.728134277343750000e+03
3.308031494140625000e+03
3.770776611328125000e+03
3.113003906250000000e+03
3.351515869140625000e+03
3.874383300781250000e+03
-6.869245052337646484e+00
5.420441894531250000e+03
4.922913085937500000e+03
4.687152832031250000e+03
4.736519531250000000e+03
-6.869245052337646484e+00
6.029228027343750000e+03
-6.869245052337646484e+00
5.322506347656250000e+03
5.050852539062500000e+03
4.752173339843750000e+03
5.088647949218750000e+03
4.812662109375000000e+03
5.043811035156250000e+03
-6.869245052337646484e+00
4.540144042968750000e+03
3.646041015625000000e+03
3.713667480468750000e+03
-6.869245052337646484e+00
5.334360351562500000e+03
4.316751953125000000e+03
-6.869245052337646484e+00
4.962876464843750000e+03
4.192159179687500000e+03
5.246618652343750000e+03
4.317073730468750000e+03
4.534882812500000000e+03
4.132180664062500000e+03
-6.869245052337646484e+00
-6.869245052337646484e+00
4.133800781250000000e+03
3.824666992187500000e+03
4.024122070312500000e+03
4.121270507812500000e+03
3.953306152343750000e+03
-6.869245052337646484e+00
5.530447265625000000e+03
4.984218261718750000e+03
4.874374511718750000e+03
-6.869245052337646484e+00
6.050491699218750000e+03
4.788316406250000000e+03
-6.869245052337646484e+00
4.106244628906250000e+03
3.736025634765625000e+03
4.070083251953125000e+03
3.743778808593750000e+03
3.771512451171875000e+03
4.189149414062500000e+03
-6.869245052337646484e+00
5.080901855468750000e+03
4.913098144531250000e+03
4.437333984375000000e+03
3.992951904296875000e+03
4.239811035156250000e+03
4.333959472656250000e+03
-6.869245052337646484e+00
3.851849365234375000e+03
3.825806152343750000e+03
3.389527343750000000e+03
3.329560058593750000e+03
3.370588134765625000e+03
3.751665527343750000e+03
-6.869245052337646484e+00
5.175885253906250000e+03
4.773369140625000000e+03
4.803344726562500000e+03
4.640700683593750000e+03
5.271238281250000000e+03
4.526575195312500000e+03
-6.869245052337646484e+00
3.988944335937500000e+03
3.773362304687500000e+03
3.726377197265625000e+03
3.534294433593750000e+03
3.631296386718750000e+03
4.404781738281250000e+03
-6.869245052337646484e+00
5.475914550781250000e+03
5.017434082031250000e+03
4.869122558593750000e+03
4.319966308593750000e+03
5.053921875000000000e+03
4.387019531250000000e+03
-6.869245052337646484e+00
3.844084960937500000e+03
3.477193359375000000e+03
3.827534423828125000e+03
3.344550537109375000e+03
3.468200439453125000e+03
4.169945312500000000e+03
-6.869245052337646484e+00
5.504387695312500000e+03
5.254211914062500000e+03
4.931505859375000000e+03
4.466682128906250000e+03
4.935680664062500000e+03
