4.901846679687500000e+03
4.834854980468750000e+03
4.473485351562500000e+03
4.763915527343750000e+03
4.956094726562500000e+03
3.091477394104003906e+00
4.162343750000000000e+03
3.511067626953125000e+03
3.802731689453125000e+03
3.904068603515625000e+03
4.548096679687500000e+03
4.704219238281250000e+03
3.091477394104003906e+00
6.121544433593750000e+03
5.553583007812500000e+03
5.344956054687500000e+03
5.268458984375000000e+03
5.611611328125000000e+03
6.568541992187500000e+03
3.091477394104003906e+00
7.738778808593750000e+03
6.368949218750000000e+03
6.122246582031250000e+03
6.954454589843750000e+03
6.810813964843750000e+03
6.223525878906250000e+03
3.091477394104003906e+00
5.745557128906250000e+03
4.132401855468750000e+03
4.204536621093750000e+03
4.435474121093750000e+03
4.842498046875000000e+03
6.125469238281250000e+03
3.091477394104003906e+00
8.005890136718750000e+03
7.149807617187500000e+03
7.297232421875000000e+03
6.590474609375000000e+03
7.884775878906250000e+03
7.495036132812500000e+03
3.091477394104003906e+00
6.733648437500000000e+03
5.814418457031250000e+03
6.583924804687500000e+03
3.091477394104003906e+00
3.091477394104003906e+00
7.395045898437500000e+03
3.091477394104003906e+00
5.506561523437500000e+03
5.637391113281250000e+03
4.049286376953125000e+03
3.091477394104003906e+00
4.368734375000000000e+03
5.518047851562500000e+03
3.091477394104003906e+00
5.819815429687500000e+03
5.628878906250000000e+03
6.631244140625000000e+03
4.090538330078125000e+03
3.943465332031250000e+03
4.080855957031250000e+03
3.091477394104003906e+00
6.891335449218750000e+03
5.175636718750000000e+03
4.731353027343750000e+03
4.382175292968750000e+03
4.601918945312500000e+03
4.460389648437500000e+03
3.091477394104003906e+00
4.587796875000000000e+03
3.885855468750000000e+03
3.504156005859375000e+03
3.733757568359375000e+03
3.978516845703125000e+03
4.137888671875000000e+03
3.091477394104003906e+00
5.748839843750000000e+03
4.824476562500000000e+03
4.782980468750000000e+03
4.568757812500000000e+03
5.114351562500000000e+03
5.090792480468750000e+03
3.091477394104003906e+00
6.000444824218750000e+03
5.025386230468750000e+03
5.189238281250000000e+03
4.502167480468750000e+03
4.924595703125000000e+03
5.080745605468750000e+03
3.091477394104003906e+00
4.216211914062500000e+03
3.860869873046875000e+03
3.730268798828125000e+03
3.748489257812500000e+03
4.351110351562500000e+03
4.813045410156250000e+03
3.091477394104003906e+00
6.010584472656250000e+03
4.352434570312500000e+03
4.688914062500000000e+03
4.650602050781250000e+03
4.797181152343750000e+03
4.632542480468750000e+03
3.091477394104003906e+00
4.071696044921875000e+03
3.543100585937500000e+03
3.846084228515625000e+03
3.908415527343750000e+03
4.351235839843750000e+03
4.736638671875000000e+03
3.091477394104003906e+00
5.792779785156250000e+03
5.082162597656250000e+03
5.275674804687500000e+03
5.015066406250000000e+03
4.994275878906250000e+03
4.833428222656250000e+03
3.091477394104003906e+00
4.078038818359375000e+03
3.527329101562500000e+03
3.851539550781250000e+03
4.035442382812500000e+03
4.015969482421875000e+03
4.214235351562500000e+03
3.091477394104003906e+00
6.144026367187500000e+03
5.237158691406250000e+03
4.819085449218750000e+03
4.412531250000000000e+03
4.675305175781250000e+03
4.553592773437500000e+03
3.091477394104003906e+00
3.853859375000000000e+03
3.836931640625000000e+03
3.608150390625000000e+03
3.519757568359375000e+03
4.308968750000000000e+03
4.514351074218750000e+03
3.091477394104003906e+00
5.724399902343750000e+03
5.535057128906250000e+03
5.606733886718750000e+03
5.424054199218750000e+03
3.091477394104003906e+00
7.230064453125000000e+03
3.091477394104003906e+00
3.091477394104003906e+00
4.478223144531250000e+03
3.959236083984375000e+03
4.057247314453125000e+03
4.306434082031250000e+03
3.822370117187500000e+03
3.091477394104003906e+00
5.036327636718750000e+03
5.187194335937500000e+03
4.933189941406250000e+03
3.991798339843750000e+03
4.574022949218750000e+03
4.410887207031250000e+03
3.091477394104003906e+00
3.670763427734375000e+03
3.504151367187500000e+03
3.740351318359375000e+03
3.218579589843750000e+03
3.664467529296875000e+03
4.240296875000000000e+03
3.091477394104003906e+00
5.272260742187500000e+03
4.969061523437500000e+03
4.961857421875000000e+03
4.982680664062500000e+03
3.091477394104003906e+00
6.607733886718750000e+03
3.091477394104003906e+00
5.230958984375000000e+03
4.794783691406250000e+03
4.795978515625000000e+03
4.388414062500000000e+03
5.105473632812500000e+03
5.132601074218750000e+03
3.091477394104003906e+00
4.193258789062500000e+03
3.787336669921875000e+03
3.722064453125000000e+03
3.091477394104003906e+00
5.014873535156250000e+03
4.388508789062500000e+03
3.091477394104003906e+00
4.813549316406250000e+03
3.928792724609375000e+03
4.918425292968750000e+03
4.691488769531250000e+03
4.169946777343750000e+03
4.335526367187500000e+03
3.091477394104003906e+00
3.091477394104003906e+00
4.490042968750000000e+03
3.749531494140625000e+03
4.054252197265625000e+03
3.955210937500000000e+03
4.120001953125000000e+03
3.091477394104003906e+00
5.196194335937500000e+03
5.387338378906250000e+03
5.030262207031250000e+03
3.091477394104003906e+00
6.407205566406250000e+03
4.910671386718750000e+03
3.091477394104003906e+00
3.812190673828125000e+03
3.787985351562500000e+03
4.146663085937500000e+03
3.864774414062500000e+03
3.711832031250000000e+03
4.434940917968750000e+03
3.091477394104003906e+00
5.182614257812500000e+03
4.954306640625000000e+03
4.597118652343750000e+03
4.090886962890625000e+03
4.434458984375000000e+03
4.570837402343750000e+03
3.091477394104003906e+00
3.934340332031250000e+03
3.938203125000000000e+03
3.608487060546875000e+03
3.402634765625000000e+03
3.909200439453125000e+03
4.067254150390625000e+03
3.091477394104003906e+00
5.028014160156250000e+03
4.808231933593750000e+03
5.150320800781250000e+03
4.779628906250000000e+03
5.069881835937500000e+03
4.485333496093750000e+03
3.091477394104003906e+00
4.013635253906250000e+03
3.813129394531250000e+03
3.760160156250000000e+03
3.580623779296875000e+03
4.144823242187500000e+03
4.337386718750000000e+03
3.091477394104003906e+00
5.425771972656250000e+03
4.948587890625000000e+03
5.079577636718750000e+03
4.545049804687500000e+03
4.756266113281250000e+03
4.562503906250000000e+03
3.091477394104003906e+00
3.924909423828125000e+03
3.755797607421875000e+03
3.811149902343750000e+03
3.478906250000000000e+03
3.990454833984375000e+03
4.405810058593750000e+03
3.091477394104003906e+00
5.545683105468750000e+03
5.195461914062500000e+03
5.110636230468750000e+03
4.532591796875000000e+03
4.847528320312500000e+03
