5.057713867187500000e+03
4.945842285156250000e+03
4.609189453125000000e+03
4.912578613281250000e+03
5.057365722656250000e+03
9.151898384094238281e+00
4.287500488281250000e+03
3.651948974609375000e+03
3.919277343750000000e+03
4.028162841796875000e+03
4.697027343750000000e+03
4.828873535156250000e+03
9.151898384094238281e+00
6.246849609375000000e+03
5.717422851562500000e+03
5.466983398437500000e+03
5.402943359375000000e+03
5.773188476562500000e+03
6.556666015625000000e+03
9.151898384094238281e+00
7.786723144531250000e+03
6.496291015625000000e+03
6.293701660156250000e+03
7.065124511718750000e+03
6.683697265625000000e+03
6.207263671875000000e+03
9.151898384094238281e+00
5.847604492187500000e+03
4.285754394531250000e+03
4.355179687500000000e+03
4.593540527343750000e+03
5.017475097656250000e+03
6.125875976562500000e+03
9.151898384094238281e+00
8.079379394531250000e+03
7.279587402343750000e+03
7.526315917968750000e+03
6.621651855468750000e+03
7.761943359375000000e+03
7.464199707031250000e+03
9.151898384094238281e+00
6.787439453125000000e+03
5.990072753906250000e+03
6.733011230468750000e+03
9.151898384094238281e+00
9.151898384094238281e+00
7.301214355468750000e+03
9.151898384094238281e+00
5.636678710937500000e+03
5.574099609375000000e+03
3.969823974609375000e+03
9.151898384094238281e+00
4.499113281250000000e+03
5.702694335937500000e+03
9.151898384094238281e+00
5.902344238281250000e+03
5.788813476562500000e+03
6.832996582031250000e+03
4.220173828125000000e+03
4.115536621093750000e+03
4.161228515625000000e+03
9.151898384094238281e+00
6.926273925781250000e+03
5.297576171875000000e+03
4.876533203125000000e+03
4.493812500000000000e+03
4.727952636718750000e+03
4.582216308593750000e+03
9.151898384094238281e+00
4.686252929687500000e+03
4.054731689453125000e+03
3.616921875000000000e+03
3.858738525390625000e+03
4.109959472656250000e+03
4.235729492187500000e+03
9.151898384094238281e+00
5.881805175781250000e+03
4.982583007812500000e+03
4.878875488281250000e+03
4.692144042968750000e+03
5.242137207031250000e+03
5.224327636718750000e+03
9.151898384094238281e+00
6.116472167968750000e+03
5.165762695312500000e+03
5.312941894531250000e+03
4.656030761718750000e+03
5.066895996093750000e+03
5.182846679687500000e+03
9.151898384094238281e+00
4.358895507812500000e+03
3.981160888671875000e+03
3.849697021484375000e+03
3.868187988281250000e+03
4.478575683593750000e+03
4.918734375000000000e+03
9.151898384094238281e+00
6.129729003906250000e+03
4.456496582031250000e+03
4.779943847656250000e+03
4.779068359375000000e+03
4.940865722656250000e+03
4.756362792968750000e+03
9.151898384094238281e+00
4.168353027343750000e+03
3.670239257812500000e+03
3.943594970703125000e+03
4.033271728515625000e+03
4.477219238281250000e+03
4.844288574218750000e+03
9.151898384094238281e+00
5.926859863281250000e+03
5.235672851562500000e+03
5.386150390625000000e+03
5.163456054687500000e+03
5.146725097656250000e+03
4.974127929687500000e+03
9.151898384094238281e+00
4.200814941406250000e+03
3.661719238281250000e+03
3.960983154296875000e+03
4.156000976562500000e+03
4.154354980468750000e+03
4.316611816406250000e+03
9.151898384094238281e+00
6.270310058593750000e+03
5.405534179687500000e+03
4.931596191406250000e+03
4.548434082031250000e+03
4.814398925781250000e+03
4.691400878906250000e+03
9.151898384094238281e+00
3.941128662109375000e+03
3.948149902343750000e+03
3.717090332031250000e+03
3.641390625000000000e+03
4.405908691406250000e+03
4.616624023437500000e+03
9.151898384094238281e+00
5.874376953125000000e+03
5.687104003906250000e+03
5.732027832031250000e+03
5.584625488281250000e+03
9.151898384094238281e+00
7.307614746093750000e+03
9.151898384094238281e+00
9.151898384094238281e+00
4.612013183593750000e+03
4.075018066406250000e+03
4.023300537109375000e+03
4.440271972656250000e+03
3.842327148437500000e+03
9.151898384094238281e+00
5.215975585937500000e+03
5.314786621093750000e+03
5.060027832031250000e+03
4.140687988281250000e+03
4.716813476562500000e+03
4.526476074218750000e+03
9.151898384094238281e+00
3.761243408203125000e+03
3.588551513671875000e+03
3.885084716796875000e+03
3.321778564453125000e+03
3.643677001953125000e+03
4.351327636718750000e+03
9.151898384094238281e+00
5.413861328125000000e+03
5.051640625000000000e+03
5.067871582031250000e+03
5.110659667968750000e+03
9.151898384094238281e+00
6.714282714843750000e+03
9.151898384094238281e+00
5.380073242187500000e+03
4.943692871093750000e+03
4.916210449218750000e+03
4.367132812500000000e+03
5.197809570312500000e+03
5.213412597656250000e+03
9.151898384094238281e+00
4.319214843750000000e+03
3.925944335937500000e+03
3.857296386718750000e+03
9.151898384094238281e+00
5.101601074218750000e+03
4.491108886718750000e+03
9.151898384094238281e+00
5.000304199218750000e+03
3.897596435546875000e+03
4.964693359375000000e+03
4.804377441406250000e+03
4.345322265625000000e+03
4.457826660156250000e+03
9.151898384094238281e+00
9.151898384094238281e+00
4.571155761718750000e+03
3.859075927734375000e+03
4.181406250000000000e+03
4.094264404296875000e+03
4.135199707031250000e+03
9.151898384094238281e+00
5.417783691406250000e+03
5.498734375000000000e+03
5.146870117187500000e+03
9.151898384094238281e+00
6.523298828125000000e+03
4.996791015625000000e+03
9.151898384094238281e+00
3.942835449218750000e+03
3.887203125000000000e+03
4.176552734375000000e+03
3.963843261718750000e+03
3.852917236328125000e+03
4.552967773437500000e+03
9.151898384094238281e+00
5.330439941406250000e+03
5.058872558593750000e+03
4.720659667968750000e+03
4.232134765625000000e+03
4.547593261718750000e+03
4.703341796875000000e+03
9.151898384094238281e+00
4.009197265625000000e+03
4.076271240234375000e+03
3.720943603515625000e+03
3.537673828125000000e+03
4.021594238281250000e+03
4.165340820312500000e+03
9.151898384094238281e+00
5.181086914062500000e+03
4.894208496093750000e+03
5.251009277343750000e+03
4.922812011718750000e+03
5.218979980468750000e+03
4.637721679687500000e+03
9.151898384094238281e+00
4.132967285156250000e+03
3.949530761718750000e+03
3.896852294921875000e+03
3.719799804687500000e+03
4.262554199218750000e+03
4.441120605468750000e+03
9.151898384094238281e+00
5.565267578125000000e+03
5.020001464843750000e+03
5.189952148437500000e+03
4.688541992187500000e+03
4.895125976562500000e+03
4.693992675781250000e+03
9.151898384094238281e+00
4.032931152343750000e+03
3.879755126953125000e+03
3.936648437500000000e+03
3.617062988281250000e+03
4.110936035156250000e+03
4.499856445312500000e+03
9.151898384094238281e+00
5.670687011718750000e+03
5.295282714843750000e+03
5.227493164062500000e+03
4.686613281250000000e+03
4.983666503906250000e+03
