4.914613281250000000e+03
4.724768066406250000e+03
4.359335449218750000e+03
4.763456054687500000e+03
4.931153320312500000e+03
-3.885614633560180664e+00
4.220595214843750000e+03
3.404674560546875000e+03
3.716129394531250000e+03
3.787526123046875000e+03
4.505260253906250000e+03
4.600396484375000000e+03
-3.885614633560180664e+00
6.032114257812500000e+03
5.545663574218750000e+03
5.232183593750000000e+03
5.170629882812500000e+03
5.533213378906250000e+03
6.408355957031250000e+03
-3.885614633560180664e+00
7.354854492187500000e+03
6.189862792968750000e+03
6.060320312500000000e+03
6.753872558593750000e+03
6.505186523437500000e+03
6.151166503906250000e+03
-3.885614633560180664e+00
5.603807617187500000e+03
4.039295898437500000e+03
4.179893554687500000e+03
4.363592773437500000e+03
4.821443359375000000e+03
6.040818359375000000e+03
-3.885614633560180664e+00
7.708697265625000000e+03
7.118781250000000000e+03
7.329757812500000000e+03
6.683097167968750000e+03
7.591463378906250000e+03
7.364653320312500000e+03
-3.885614633560180664e+00
6.371282714843750000e+03
5.808154296875000000e+03
6.435465332031250000e+03
-3.885614633560180664e+00
-3.885614633560180664e+00
7.133481933593750000e+03
-3.885614633560180664e+00
5.537142578125000000e+03
5.611447753906250000e+03
3.768750244140625000e+03
1.146713027954101562e+02
4.161625976562500000e+03
5.670115722656250000e+03
-3.885614633560180664e+00
5.461057128906250000e+03
5.669106933593750000e+03
6.670369628906250000e+03
3.929339355468750000e+03
3.991101074218750000e+03
3.921782958984375000e+03
-3.885614633560180664e+00
6.669495117187500000e+03
5.019433105468750000e+03
4.709468261718750000e+03
4.225202148437500000e+03
4.498443359375000000e+03
4.350600585937500000e+03
-3.885614633560180664e+00
4.442514648437500000e+03
3.887690429687500000e+03
3.416101074218750000e+03
3.631529296875000000e+03
3.920414550781250000e+03
3.983969482421875000e+03
-3.885614633560180664e+00
5.721012695312500000e+03
4.834307128906250000e+03
4.605158691406250000e+03
4.430059570312500000e+03
4.999076171875000000e+03
5.030744628906250000e+03
-3.885614633560180664e+00
5.855136230468750000e+03
4.952330078125000000e+03
5.119967773437500000e+03
4.459334960937500000e+03
4.874681152343750000e+03
5.025488769531250000e+03
-3.885614633560180664e+00
4.274976562500000000e+03
3.722366699218750000e+03
3.647072509765625000e+03
3.623025146484375000e+03
4.254770019531250000e+03
4.654167480468750000e+03
-3.885614633560180664e+00
5.915110839843750000e+03
4.327976562500000000e+03
4.501653320312500000e+03
4.527412597656250000e+03
4.733573242187500000e+03
4.544181640625000000e+03
-3.885614633560180664e+00
3.903477539062500000e+03
3.455815917968750000e+03
3.722343505859375000e+03
3.817519775390625000e+03
4.269395019531250000e+03
4.598460937500000000e+03
-3.885614633560180664e+00
5.756697753906250000e+03
5.046822265625000000e+03
5.138392578125000000e+03
4.936978515625000000e+03
4.933512695312500000e+03
4.794952636718750000e+03
-3.885614633560180664e+00
3.988523193359375000e+03
3.461522705078125000e+03
3.756424072265625000e+03
3.928223632812500000e+03
3.959513427734375000e+03
4.056705322265625000e+03
-3.885614633560180664e+00
6.097386230468750000e+03
5.251773925781250000e+03
4.674359863281250000e+03
4.288496582031250000e+03
4.589875976562500000e+03
4.514099609375000000e+03
-3.885614633560180664e+00
3.667949462890625000e+03
3.722213623046875000e+03
3.507924804687500000e+03
3.421387939453125000e+03
4.158198242187500000e+03
4.366437500000000000e+03
-3.885614633560180664e+00
5.710943847656250000e+03
5.499752929687500000e+03
5.508266113281250000e+03
5.358708496093750000e+03
-3.885614633560180664e+00
7.059722656250000000e+03
-3.885614633560180664e+00
-3.885614633560180664e+00
4.439385742187500000e+03
3.898663574218750000e+03
3.995627441406250000e+03
4.241770996093750000e+03
3.837919189453125000e+03
-3.885614633560180664e+00
5.084169433593750000e+03
5.235320312500000000e+03
4.851628906250000000e+03
3.896392822265625000e+03
4.508813476562500000e+03
4.363533203125000000e+03
-3.885614633560180664e+00
3.543960205078125000e+03
3.308293701171875000e+03
3.755806640625000000e+03
3.107544433593750000e+03
3.626705566406250000e+03
4.153682128906250000e+03
-3.885614633560180664e+00
5.304894531250000000e+03
4.791982421875000000e+03
4.808309570312500000e+03
4.842470703125000000e+03
-3.885614633560180664e+00
6.548800292968750000e+03
-3.885614633560180664e+00
5.217272460937500000e+03
4.781376953125000000e+03
4.724705078125000000e+03
4.343597167968750000e+03
4.900136230468750000e+03
5.068895996093750000e+03
-3.885614633560180664e+00
4.127076660156250000e+03
3.698557373046875000e+03
3.703546630859375000e+03
-3.885614633560180664e+00
4.821687500000000000e+03
4.325658203125000000e+03
-3.885614633560180664e+00
4.936894531250000000e+03
3.900647460937500000e+03
4.986642578125000000e+03
4.499041992187500000e+03
4.186926757812500000e+03
4.262458984375000000e+03
-3.885614633560180664e+00
-3.885614633560180664e+00
4.303656738281250000e+03
3.687180664062500000e+03
3.999424072265625000e+03
3.966511230468750000e+03
4.304604980468750000e+03
-3.885614633560180664e+00
5.365612304687500000e+03
5.211649414062500000e+03
4.930476562500000000e+03
-3.885614633560180664e+00
6.286824218750000000e+03
4.786901367187500000e+03
-3.885614633560180664e+00
3.784176269531250000e+03
3.662219970703125000e+03
4.148490722656250000e+03
3.704654052734375000e+03
3.644068603515625000e+03
4.352291015625000000e+03
-3.885614633560180664e+00
5.209854492187500000e+03
4.755438964843750000e+03
4.499934082031250000e+03
3.995985595703125000e+03
4.326432128906250000e+03
4.500139160156250000e+03
-3.885614633560180664e+00
3.705299316406250000e+03
3.905614746093750000e+03
3.525309326171875000e+03
3.351416503906250000e+03
3.801831542968750000e+03
3.931510742187500000e+03
-3.885614633560180664e+00
5.067060058593750000e+03
4.620668945312500000e+03
4.983933593750000000e+03
4.688499023437500000e+03
4.998980468750000000e+03
4.482435058593750000e+03
-3.885614633560180664e+00
3.936152343750000000e+03
3.768380126953125000e+03
3.756906250000000000e+03
3.547147705078125000e+03
4.050021484375000000e+03
4.211418457031250000e+03
-3.885614633560180664e+00
5.434325683593750000e+03
4.825110839843750000e+03
4.925152343750000000e+03
4.441711425781250000e+03
4.656544433593750000e+03
4.491928222656250000e+03
-3.885614633560180664e+00
3.802562988281250000e+03
3.654958740234375000e+03
3.773109130859375000e+03
3.429226806640625000e+03
3.906855712890625000e+03
4.258044921875000000e+03
-3.885614633560180664e+00
5.521336914062500000e+03
5.165576660156250000e+03
4.977821289062500000e+03
4.461829589843750000e+03
4.752600585937500000e+03
