4.887941406250000000e+03
4.776688476562500000e+03
4.426018066406250000e+03
4.759250000000000000e+03
4.901108398437500000e+03
-2.364282369613647461e+00
4.116309082031250000e+03
3.468956054687500000e+03
3.762103515625000000e+03
3.879135498046875000e+03
4.531788574218750000e+03
4.643219726562500000e+03
-2.364282369613647461e+00
6.115122558593750000e+03
5.533642578125000000e+03
5.291208984375000000e+03
5.280292480468750000e+03
5.613286132812500000e+03
6.557020507812500000e+03
-2.364282369613647461e+00
7.756807128906250000e+03
6.357558593750000000e+03
6.117586425781250000e+03
6.964306640625000000e+03
6.889229003906250000e+03
6.227543945312500000e+03
-2.364282369613647461e+00
5.737072753906250000e+03
4.092717773437500000e+03
4.145914550781250000e+03
4.394790527343750000e+03
4.809242187500000000e+03
6.078784667968750000e+03
-2.364282369613647461e+00
8.014954589843750000e+03
7.122325683593750000e+03
7.263272949218750000e+03
6.527220214843750000e+03
7.941592773437500000e+03
7.511893554687500000e+03
-2.364282369613647461e+00
6.769658203125000000e+03
5.800214843750000000e+03
6.613473632812500000e+03
-2.364282369613647461e+00
-2.364282369613647461e+00
7.518121582031250000e+03
-2.364282369613647461e+00
5.499025390625000000e+03
5.630756347656250000e+03
4.016864501953125000e+03
-2.364282369613647461e+00
4.365340820312500000e+03
5.442654296875000000e+03
-2.364282369613647461e+00
5.881637207031250000e+03
5.670105468750000000e+03
6.556382324218750000e+03
4.062851562500000000e+03
3.909509765625000000e+03
4.042504394531250000e+03
-2.364282369613647461e+00
6.889598144531250000e+03
5.136278808593750000e+03
4.663037597656250000e+03
4.347862792968750000e+03
4.574291992187500000e+03
4.390111328125000000e+03
-2.364282369613647461e+00
4.552028320312500000e+03
3.830202392578125000e+03
3.453450683593750000e+03
3.712921630859375000e+03
3.963881591796875000e+03
4.084427734375000000e+03
-2.364282369613647461e+00
5.740271972656250000e+03
4.809733886718750000e+03
4.739940917968750000e+03
4.537833984375000000e+03
5.100001464843750000e+03
5.027152832031250000e+03
-2.364282369613647461e+00
5.994052734375000000e+03
5.024635742187500000e+03
5.130215820312500000e+03
4.448129882812500000e+03
4.928503417968750000e+03
5.052584960937500000e+03
-2.364282369613647461e+00
4.196595214843750000e+03
3.826018066406250000e+03
3.675842041015625000e+03
3.721145751953125000e+03
4.336824218750000000e+03
4.761830078125000000e+03
-2.364282369613647461e+00
6.004018554687500000e+03
4.322669921875000000e+03
4.655853027343750000e+03
4.623254882812500000e+03
4.777027832031250000e+03
4.576103027343750000e+03
-2.364282369613647461e+00
4.040676513671875000e+03
3.506827636718750000e+03
3.808208007812500000e+03
3.877319335937500000e+03
4.331129882812500000e+03
4.677306640625000000e+03
-2.364282369613647461e+00
5.773838867187500000e+03
5.071002441406250000e+03
5.225756347656250000e+03
4.971112304687500000e+03
4.999518066406250000e+03
4.770819335937500000e+03
-2.364282369613647461e+00
4.033817138671875000e+03
3.487515869140625000e+03
3.806251953125000000e+03
4.006261718750000000e+03
3.981980712890625000e+03
4.157528320312500000e+03
-2.364282369613647461e+00
6.130635742187500000e+03
5.220406738281250000e+03
4.769582031250000000e+03
4.378506835937500000e+03
4.658566894531250000e+03
4.491770019531250000e+03
-2.364282369613647461e+00
3.834135009765625000e+03
3.812334472656250000e+03
3.557100097656250000e+03
3.492005126953125000e+03
4.305863769531250000e+03
4.451031250000000000e+03
-2.364282369613647461e+00
5.702457519531250000e+03
5.525485351562500000e+03
5.549005371093750000e+03
5.375128906250000000e+03
-2.364282369613647461e+00
7.196639648437500000e+03
-2.364282369613647461e+00
-2.364282369613647461e+00
4.453480468750000000e+03
3.920229492187500000e+03
4.091440673828125000e+03
4.274564453125000000e+03
3.779888183593750000e+03
-2.364282369613647461e+00
5.028441894531250000e+03
5.177964843750000000e+03
4.886023925781250000e+03
3.961246093750000000e+03
4.566370117187500000e+03
4.356715332031250000e+03
-2.364282369613647461e+00
3.651312255859375000e+03
3.482588378906250000e+03
3.674864257812500000e+03
3.183238769531250000e+03
3.663605224609375000e+03
4.178863281250000000e+03
-2.364282369613647461e+00
5.257692382812500000e+03
4.943802246093750000e+03
4.908054687500000000e+03
4.949361328125000000e+03
-2.364282369613647461e+00
6.570254882812500000e+03
-2.364282369613647461e+00
5.219574218750000000e+03
4.760300781250000000e+03
4.750626953125000000e+03
4.419714355468750000e+03
5.084422363281250000e+03
5.099448730468750000e+03
-2.364282369613647461e+00
4.193382812500000000e+03
3.738393554687500000e+03
3.661695312500000000e+03
-2.364282369613647461e+00
5.031945800781250000e+03
4.349366699218750000e+03
-2.364282369613647461e+00
4.762369140625000000e+03
3.970339843750000000e+03
4.857691406250000000e+03
4.650128417968750000e+03
4.121490722656250000e+03
4.290199707031250000e+03
-2.364282369613647461e+00
-2.364282369613647461e+00
4.482977050781250000e+03
3.697781982421875000e+03
4.001837402343750000e+03
3.930050292968750000e+03
4.131231445312500000e+03
-2.364282369613647461e+00
5.130529296875000000e+03
5.382967773437500000e+03
4.981319824218750000e+03
-2.364282369613647461e+00
6.419897460937500000e+03
4.887346191406250000e+03
-2.364282369613647461e+00
3.776521728515625000e+03
3.774663085937500000e+03
4.118975585937500000e+03
3.829561767578125000e+03
3.663921630859375000e+03
4.381909179687500000e+03
-2.364282369613647461e+00
5.165592285156250000e+03
4.924867675781250000e+03
4.541552246093750000e+03
4.054470703125000000e+03
4.423934570312500000e+03
4.499898437500000000e+03
-2.364282369613647461e+00
3.912208496093750000e+03
3.902741210937500000e+03
3.547019531250000000e+03
3.366189941406250000e+03
3.896996826171875000e+03
4.007159912109375000e+03
-2.364282369613647461e+00
5.006805175781250000e+03
4.781925781250000000e+03
5.102980468750000000e+03
4.733585937500000000e+03
5.040666992187500000e+03
4.406948242187500000e+03
-2.364282369613647461e+00
3.975756591796875000e+03
3.774729980468750000e+03
3.700407714843750000e+03
3.542114501953125000e+03
4.126578613281250000e+03
4.270094238281250000e+03
-2.364282369613647461e+00
5.396784179687500000e+03
4.926113769531250000e+03
5.022562988281250000e+03
4.501654296875000000e+03
4.735269531250000000e+03
4.502525878906250000e+03
-2.364282369613647461e+00
3.897111083984375000e+03
3.727900634765625000e+03
3.759098388671875000e+03
3.441442138671875000e+03
3.976914062500000000e+03
4.351096679687500000e+03
-2.364282369613647461e+00
5.535566406250000000e+03
5.177007812500000000e+03
5.047415527343750000e+03
4.483625488281250000e+03
4.826496582031250000e+03
