4.898200195312500000e+03
4.847641113281250000e+03
4.419449707031250000e+03
5.039191406250000000e+03
4.943557128906250000e+03
-1.288406729698181152e+00
4.490956542968750000e+03
3.335923339843750000e+03
3.769891845703125000e+03
3.753702392578125000e+03
4.497490722656250000e+03
4.712219238281250000e+03
-1.288406729698181152e+00
5.860298828125000000e+03
5.494651367187500000e+03
5.341335449218750000e+03
5.193791503906250000e+03
5.572999023437500000e+03
6.235875000000000000e+03
-1.288406729698181152e+00
6.851018066406250000e+03
5.876324218750000000e+03
6.132509765625000000e+03
6.429568847656250000e+03
6.309782226562500000e+03
6.360774902343750000e+03
-1.288406729698181152e+00
5.516367187500000000e+03
4.261516601562500000e+03
4.326300292968750000e+03
4.393905761718750000e+03
4.771664062500000000e+03
6.090382812500000000e+03
-1.288406729698181152e+00
7.358168945312500000e+03
6.889356933593750000e+03
7.171346191406250000e+03
6.948929199218750000e+03
7.414502929687500000e+03
7.483906738281250000e+03
-1.288406729698181152e+00
5.988446289062500000e+03
5.748139648437500000e+03
6.745678710937500000e+03
-1.288406729698181152e+00
-1.288406729698181152e+00
7.032852050781250000e+03
-1.288406729698181152e+00
5.575081054687500000e+03
5.665586914062500000e+03
3.425867675781250000e+03
-1.288406729698181152e+00
4.493366699218750000e+03
5.547054687500000000e+03
-1.288406729698181152e+00
5.053369628906250000e+03
5.620408203125000000e+03
6.355577148437500000e+03
3.963562011718750000e+03
4.253416992187500000e+03
4.115875976562500000e+03
-1.288406729698181152e+00
6.259467285156250000e+03
5.070230957031250000e+03
4.740895507812500000e+03
4.216117187500000000e+03
4.585789062500000000e+03
4.434590820312500000e+03
-1.288406729698181152e+00
4.598280273437500000e+03
3.864301513671875000e+03
3.403923583984375000e+03
3.611833496093750000e+03
3.904831298828125000e+03
3.956939208984375000e+03
-1.288406729698181152e+00
5.659765136718750000e+03
4.832702148437500000e+03
4.577848632812500000e+03
4.438139648437500000e+03
4.930938476562500000e+03
5.102076660156250000e+03
-1.288406729698181152e+00
5.602001953125000000e+03
4.877333007812500000e+03
5.243060058593750000e+03
4.594707031250000000e+03
5.002609863281250000e+03
5.027255371093750000e+03
-1.288406729698181152e+00
4.482752929687500000e+03
3.693686035156250000e+03
3.708935058593750000e+03
3.591746337890625000e+03
4.189031738281250000e+03
4.704141601562500000e+03
-1.288406729698181152e+00
5.809280273437500000e+03
4.424078613281250000e+03
4.519137207031250000e+03
4.523806152343750000e+03
4.694642089843750000e+03
4.519245117187500000e+03
-1.288406729698181152e+00
3.861647216796875000e+03
3.507079589843750000e+03
3.777180419921875000e+03
3.855804199218750000e+03
4.263159179687500000e+03
4.562813476562500000e+03
-1.288406729698181152e+00
5.734095703125000000e+03
4.984876464843750000e+03
5.188178710937500000e+03
5.029460449218750000e+03
5.056822753906250000e+03
4.891034667968750000e+03
-1.288406729698181152e+00
4.061315917968750000e+03
3.505004882812500000e+03
3.826437500000000000e+03
3.939186523437500000e+03
3.988191406250000000e+03
4.019144042968750000e+03
-1.288406729698181152e+00
6.058506835937500000e+03
5.258677246093750000e+03
4.696328125000000000e+03
4.272438476562500000e+03
4.537200683593750000e+03
4.577537597656250000e+03
-1.288406729698181152e+00
3.581235839843750000e+03
3.726342041015625000e+03
3.536898193359375000e+03
3.447967285156250000e+03
4.119533691406250000e+03
4.364301757812500000e+03
-1.288406729698181152e+00
5.705078613281250000e+03
5.451793945312500000e+03
5.567167480468750000e+03
5.459527343750000000e+03
-1.288406729698181152e+00
6.883371093750000000e+03
-1.288406729698181152e+00
-1.288406729698181152e+00
4.481095703125000000e+03
3.944224121093750000e+03
3.942249511718750000e+03
4.254385253906250000e+03
4.226656738281250000e+03
-1.288406729698181152e+00
5.180459472656250000e+03
5.123466796875000000e+03
4.835905761718750000e+03
3.832735107421875000e+03
4.356010253906250000e+03
4.496561035156250000e+03
-1.288406729698181152e+00
3.639819091796875000e+03
3.345038085937500000e+03
3.862385498046875000e+03
3.156642578125000000e+03
3.754264648437500000e+03
4.160582031250000000e+03
-1.288406729698181152e+00
5.365651367187500000e+03
4.882261718750000000e+03
4.829905273437500000e+03
4.852314453125000000e+03
-1.288406729698181152e+00
6.487866210937500000e+03
-1.288406729698181152e+00
5.204185058593750000e+03
4.897400390625000000e+03
4.805400878906250000e+03
4.594570800781250000e+03
4.843793945312500000e+03
4.843060546875000000e+03
-1.288406729698181152e+00
4.354637695312500000e+03
3.661324707031250000e+03
3.729770507812500000e+03
-1.288406729698181152e+00
4.861333496093750000e+03
4.133510253906250000e+03
-1.288406729698181152e+00
4.899825683593750000e+03
4.047601318359375000e+03
5.171473632812500000e+03
4.423898437500000000e+03
4.320164550781250000e+03
4.297412597656250000e+03
-1.288406729698181152e+00
-1.288406729698181152e+00
3.980607421875000000e+03
3.776461425781250000e+03
4.017195312500000000e+03
4.194307128906250000e+03
4.285238281250000000e+03
-1.288406729698181152e+00
5.488517578125000000e+03
5.011461914062500000e+03
4.971644531250000000e+03
-1.288406729698181152e+00
6.358530273437500000e+03
4.716019531250000000e+03
-1.288406729698181152e+00
3.937677246093750000e+03
3.775588623046875000e+03
4.102659179687500000e+03
3.748103271484375000e+03
3.760262207031250000e+03
4.382466796875000000e+03
-1.288406729698181152e+00
5.144758300781250000e+03
4.672052246093750000e+03
4.553833007812500000e+03
3.986446044921875000e+03
4.403908691406250000e+03
4.542579101562500000e+03
-1.288406729698181152e+00
3.620313232421875000e+03
3.963465576171875000e+03
3.536922607421875000e+03
3.424998291015625000e+03
3.780984375000000000e+03
3.957650390625000000e+03
-1.288406729698181152e+00
5.134685546875000000e+03
4.735445800781250000e+03
4.961904296875000000e+03
4.736735839843750000e+03
5.001770019531250000e+03
4.657849121093750000e+03
-1.288406729698181152e+00
3.996547851562500000e+03
3.853364013671875000e+03
3.851863281250000000e+03
3.622573242187500000e+03
4.030273925781250000e+03
4.290211914062500000e+03
-1.288406729698181152e+00
5.432080078125000000e+03
4.942373535156250000e+03
4.912786132812500000e+03
4.418986328125000000e+03
4.748174804687500000e+03
4.546043945312500000e+03
-1.288406729698181152e+00
3.827470947265625000e+03
3.657434326171875000e+03
3.876544189453125000e+03
3.460279296875000000e+03
3.897544189453125000e+03
4.274212402343750000e+03
-1.288406729698181152e+00
5.504892578125000000e+03
5.229343261718750000e+03
5.021955078125000000e+03
4.509267089843750000e+03
4.717090332031250000e+03
