4.723640625000000000e+03
4.718854003906250000e+03
4.352136230468750000e+03
4.604682128906250000e+03
4.874599609375000000e+03
-3.424825429916381836e+00
4.047080566406250000e+03
3.391378906250000000e+03
3.725839355468750000e+03
3.827346435546875000e+03
4.475141113281250000e+03
4.605297363281250000e+03
-3.424825429916381836e+00
5.923523437500000000e+03
5.357587890625000000e+03
5.224106445312500000e+03
5.110468261718750000e+03
5.445431152343750000e+03
6.488528320312500000e+03
-3.424825429916381836e+00
7.580175781250000000e+03
6.186057128906250000e+03
5.973195800781250000e+03
6.781195312500000000e+03
7.049265625000000000e+03
6.300270019531250000e+03
-3.424825429916381836e+00
5.547123046875000000e+03
4.016027099609375000e+03
4.093799072265625000e+03
4.326191894531250000e+03
4.735922363281250000e+03
5.997118164062500000e+03
-3.424825429916381836e+00
7.800020019531250000e+03
6.902055175781250000e+03
7.047223144531250000e+03
6.576354980468750000e+03
8.104015625000000000e+03
7.614115722656250000e+03
-3.424825429916381836e+00
6.585792480468750000e+03
5.616624511718750000e+03
6.479354980468750000e+03
-3.424825429916381836e+00
-3.424825429916381836e+00
7.676008300781250000e+03
-3.424825429916381836e+00
5.304417968750000000e+03
5.473503906250000000e+03
4.093948486328125000e+03
-3.424825429916381836e+00
4.300230957031250000e+03
5.244827148437500000e+03
-3.424825429916381836e+00
5.671191894531250000e+03
5.494155273437500000e+03
6.359766601562500000e+03
4.003785888671875000e+03
3.820264892578125000e+03
4.019877441406250000e+03
-3.424825429916381836e+00
6.684233398437500000e+03
5.048246093750000000e+03
4.612022460937500000e+03
4.291690917968750000e+03
4.497890625000000000e+03
4.354116699218750000e+03
-3.424825429916381836e+00
4.485041015625000000e+03
3.744132324218750000e+03
3.416493164062500000e+03
3.670255615234375000e+03
3.914353027343750000e+03
4.057567626953125000e+03
-3.424825429916381836e+00
5.562328125000000000e+03
4.641792968750000000e+03
4.688083984375000000e+03
4.475863281250000000e+03
5.031207031250000000e+03
4.984507324218750000e+03
-3.424825429916381836e+00
5.811668945312500000e+03
4.872252441406250000e+03
5.065725585937500000e+03
4.369164062500000000e+03
4.781227050781250000e+03
4.964381835937500000e+03
-3.424825429916381836e+00
4.088470703125000000e+03
3.759496093750000000e+03
3.635895751953125000e+03
3.671573486328125000e+03
4.288957031250000000e+03
4.734972167968750000e+03
-3.424825429916381836e+00
5.812527343750000000e+03
4.242616210937500000e+03
4.606462402343750000e+03
4.553393066406250000e+03
4.702271972656250000e+03
4.539448242187500000e+03
-3.424825429916381836e+00
3.982392089843750000e+03
3.437678466796875000e+03
3.774636962890625000e+03
3.828283203125000000e+03
4.279789062500000000e+03
4.647008300781250000e+03
-3.424825429916381836e+00
5.594021972656250000e+03
4.910225097656250000e+03
5.165494628906250000e+03
4.894212402343750000e+03
4.839195312500000000e+03
4.733685058593750000e+03
-3.424825429916381836e+00
3.965985839843750000e+03
3.410416992187500000e+03
3.772056152343750000e+03
3.957244628906250000e+03
3.926655517578125000e+03
4.130694824218750000e+03
-3.424825429916381836e+00
5.940384765625000000e+03
5.046111328125000000e+03
4.708778808593750000e+03
4.310128417968750000e+03
4.584556152343750000e+03
4.451173828125000000e+03
-3.424825429916381836e+00
3.780316650390625000e+03
3.745131347656250000e+03
3.516831787109375000e+03
3.448251220703125000e+03
4.271746093750000000e+03
4.419695800781250000e+03
-3.424825429916381836e+00
5.521870605468750000e+03
5.362865722656250000e+03
5.480367187500000000e+03
5.293993652343750000e+03
-3.424825429916381836e+00
7.065262207031250000e+03
-3.424825429916381836e+00
-3.424825429916381836e+00
4.380262207031250000e+03
3.862838378906250000e+03
4.094054931640625000e+03
4.226813964843750000e+03
3.799541503906250000e+03
-3.424825429916381836e+00
4.987629394531250000e+03
4.975553222656250000e+03
4.812600585937500000e+03
3.901958251953125000e+03
4.497438476562500000e+03
4.309823242187500000e+03
-3.424825429916381836e+00
3.603200439453125000e+03
3.415537353515625000e+03
3.619712158203125000e+03
3.146656005859375000e+03
3.683407958984375000e+03
4.148509765625000000e+03
-3.424825429916381836e+00
5.084403320312500000e+03
4.870451171875000000e+03
4.849369140625000000e+03
4.883135253906250000e+03
-3.424825429916381836e+00
6.435674804687500000e+03
-3.424825429916381836e+00
5.048214843750000000e+03
4.674106933593750000e+03
4.685166992187500000e+03
4.527135253906250000e+03
5.026098144531250000e+03
4.978352539062500000e+03
-3.424825429916381836e+00
4.059312744140625000e+03
3.647662109375000000e+03
3.608249267578125000e+03
-3.424825429916381836e+00
5.003660156250000000e+03
4.225916503906250000e+03
-3.424825429916381836e+00
4.561102539062500000e+03
4.060475341796875000e+03
4.888894042968750000e+03
4.585562988281250000e+03
4.029260009765625000e+03
4.254177246093750000e+03
-3.424825429916381836e+00
-3.424825429916381836e+00
4.415838867187500000e+03
3.646535644531250000e+03
3.954594970703125000e+03
3.880807128906250000e+03
4.124737304687500000e+03
-3.424825429916381836e+00
5.063986328125000000e+03
5.213452148437500000e+03
4.919788085937500000e+03
-3.424825429916381836e+00
6.247729980468750000e+03
4.778528320312500000e+03
-3.424825429916381836e+00
3.724818603515625000e+03
3.705419189453125000e+03
4.064778320312500000e+03
3.783349853515625000e+03
3.605119628906250000e+03
4.346546875000000000e+03
-3.424825429916381836e+00
4.959870117187500000e+03
4.838979492187500000e+03
4.479973144531250000e+03
3.990898925781250000e+03
4.354399902343750000e+03
4.459158203125000000e+03
-3.424825429916381836e+00
3.859509521484375000e+03
3.828291992187500000e+03
3.505481933593750000e+03
3.313473144531250000e+03
3.857748535156250000e+03
3.979969726562500000e+03
-3.424825429916381836e+00
4.828057617187500000e+03
4.708082031250000000e+03
5.044675292968750000e+03
4.657616699218750000e+03
4.965369140625000000e+03
4.357740722656250000e+03
-3.424825429916381836e+00
3.907707031250000000e+03
3.699557373046875000e+03
3.646934570312500000e+03
3.491526855468750000e+03
4.083586181640625000e+03
4.241715332031250000e+03
-3.424825429916381836e+00
5.213223144531250000e+03
4.853797363281250000e+03
4.958538085937500000e+03
4.425033691406250000e+03
4.667775878906250000e+03
4.463487304687500000e+03
-3.424825429916381836e+00
3.833362304687500000e+03
3.658307128906250000e+03
3.709786132812500000e+03
3.387340087890625000e+03
3.935697265625000000e+03
4.328238769531250000e+03
-3.424825429916381836e+00
5.363538574218750000e+03
5.108011718750000000e+03
4.980204589843750000e+03
4.405289062500000000e+03
4.757681152343750000e+03
