4.910931640625000000e+03
4.839672363281250000e+03
4.461041015625000000e+03
5.036216796875000000e+03
5.024087402343750000e+03
1.024186611175537109e+00
4.545617675781250000e+03
3.413555175781250000e+03
3.776496826171875000e+03
3.829826904296875000e+03
4.576650390625000000e+03
4.759502441406250000e+03
1.024186611175537109e+00
5.997046875000000000e+03
5.541962402343750000e+03
5.336871093750000000e+03
5.262187500000000000e+03
5.644833007812500000e+03
6.326275878906250000e+03
1.024186611175537109e+00
7.065055664062500000e+03
5.968816406250000000e+03
6.103772460937500000e+03
6.616084960937500000e+03
6.407991210937500000e+03
6.283422363281250000e+03
1.024186611175537109e+00
5.674666992187500000e+03
4.230500000000000000e+03
4.296308105468750000e+03
4.443731445312500000e+03
4.856990234375000000e+03
6.026803710937500000e+03
1.024186611175537109e+00
7.553882812500000000e+03
7.010740722656250000e+03
7.240104980468750000e+03
6.774864257812500000e+03
7.487793457031250000e+03
7.439096679687500000e+03
1.024186611175537109e+00
6.213263183593750000e+03
5.840895019531250000e+03
6.690722167968750000e+03
1.024186611175537109e+00
1.024186611175537109e+00
7.062013183593750000e+03
1.024186611175537109e+00
5.679843261718750000e+03
5.642534667968750000e+03
3.460743164062500000e+03
1.776107788085937500e+02
4.563460937500000000e+03
5.625361328125000000e+03
1.024186611175537109e+00
5.251438964843750000e+03
5.761505859375000000e+03
6.492290527343750000e+03
4.040675781250000000e+03
4.249663085937500000e+03
4.164941406250000000e+03
1.024186611175537109e+00
6.486838378906250000e+03
5.061364257812500000e+03
4.773272949218750000e+03
4.303237792968750000e+03
4.629374511718750000e+03
4.491637207031250000e+03
1.024186611175537109e+00
4.685762207031250000e+03
3.915112792968750000e+03
3.453159423828125000e+03
3.681962402343750000e+03
3.979820800781250000e+03
4.063647216796875000e+03
1.024186611175537109e+00
5.760743164062500000e+03
4.867855957031250000e+03
4.620353515625000000e+03
4.494347656250000000e+03
5.013432128906250000e+03
5.168651367187500000e+03
1.024186611175537109e+00
5.749464843750000000e+03
4.900708496093750000e+03
5.235046875000000000e+03
4.618411621093750000e+03
5.036342773437500000e+03
5.074157226562500000e+03
1.024186611175537109e+00
4.552241210937500000e+03
3.762895751953125000e+03
3.709773193359375000e+03
3.663031982421875000e+03
4.278337890625000000e+03
4.763469726562500000e+03
1.024186611175537109e+00
5.926929199218750000e+03
4.429192871093750000e+03
4.542586914062500000e+03
4.580766601562500000e+03
4.766297363281250000e+03
4.613620605468750000e+03
1.024186611175537109e+00
3.982357666015625000e+03
3.554060546875000000e+03
3.801963623046875000e+03
3.906539062500000000e+03
4.324134277343750000e+03
4.658444335937500000e+03
1.024186611175537109e+00
5.823647949218750000e+03
5.016242675781250000e+03
5.203298339843750000e+03
5.059719238281250000e+03
5.100292968750000000e+03
4.937588867187500000e+03
1.024186611175537109e+00
4.135428222656250000e+03
3.550110351562500000e+03
3.840418212890625000e+03
3.996321289062500000e+03
4.038596679687500000e+03
4.109180175781250000e+03
1.024186611175537109e+00
6.157225585937500000e+03
5.293544921875000000e+03
4.713454101562500000e+03
4.323188964843750000e+03
4.606294921875000000e+03
4.636609375000000000e+03
1.024186611175537109e+00
3.718588623046875000e+03
3.779548339843750000e+03
3.572839843750000000e+03
3.504985595703125000e+03
4.199390625000000000e+03
4.445971191406250000e+03
1.024186611175537109e+00
5.795393066406250000e+03
5.490008789062500000e+03
5.579512207031250000e+03
5.507106933593750000e+03
1.024186611175537109e+00
7.038536132812500000e+03
1.024186611175537109e+00
1.024186611175537109e+00
4.474014160156250000e+03
3.908558837890625000e+03
3.960209228515625000e+03
4.299934082031250000e+03
4.042957275390625000e+03
1.024186611175537109e+00
5.232403320312500000e+03
5.196041992187500000e+03
4.865892578125000000e+03
3.916853271484375000e+03
4.434927734375000000e+03
4.548719726562500000e+03
1.024186611175537109e+00
3.704417480468750000e+03
3.388469970703125000e+03
3.838715576171875000e+03
3.207951904296875000e+03
3.721238525390625000e+03
4.221770507812500000e+03
1.024186611175537109e+00
5.427579589843750000e+03
4.887186523437500000e+03
4.854525878906250000e+03
4.917160644531250000e+03
1.024186611175537109e+00
6.617827148437500000e+03
1.024186611175537109e+00
5.210366699218750000e+03
4.922387207031250000e+03
4.797461425781250000e+03
4.493100097656250000e+03
4.901858886718750000e+03
4.976507324218750000e+03
1.024186611175537109e+00
4.367307617187500000e+03
3.683623535156250000e+03
3.740407958984375000e+03
1.024186611175537109e+00
4.728921875000000000e+03
4.181485839843750000e+03
1.024186611175537109e+00
5.010794433593750000e+03
3.954883789062500000e+03
5.096178222656250000e+03
4.508623535156250000e+03
4.312474609375000000e+03
4.360004394531250000e+03
1.024186611175537109e+00
1.024186611175537109e+00
4.158279785156250000e+03
3.757464111328125000e+03
4.038350830078125000e+03
4.186615722656250000e+03
4.326103515625000000e+03
1.024186611175537109e+00
5.569700195312500000e+03
5.093083496093750000e+03
4.989329589843750000e+03
1.024186611175537109e+00
6.436004394531250000e+03
4.765977539062500000e+03
1.024186611175537109e+00
3.990243408203125000e+03
3.778658935546875000e+03
4.074326904296875000e+03
3.756350830078125000e+03
3.773895996093750000e+03
4.425925292968750000e+03
1.024186611175537109e+00
5.237677734375000000e+03
4.718072753906250000e+03
4.571568359375000000e+03
4.047848876953125000e+03
4.431488281250000000e+03
4.613840332031250000e+03
1.024186611175537109e+00
3.744077392578125000e+03
3.976980957031250000e+03
3.579114990234375000e+03
3.458681396484375000e+03
3.852890136718750000e+03
4.020871337890625000e+03
1.024186611175537109e+00
5.190716308593750000e+03
4.713652343750000000e+03
5.000363281250000000e+03
4.783983886718750000e+03
5.058662109375000000e+03
4.667485839843750000e+03
1.024186611175537109e+00
4.063456787109375000e+03
3.880957275390625000e+03
3.847144287109375000e+03
3.664452148437500000e+03
4.103541015625000000e+03
4.343360839843750000e+03
1.024186611175537109e+00
5.506263183593750000e+03
4.925853515625000000e+03
4.938303710937500000e+03
4.482916992187500000e+03
4.704861816406250000e+03
4.603177246093750000e+03
1.024186611175537109e+00
3.919234130859375000e+03
3.719928466796875000e+03
3.864472656250000000e+03
3.514810791015625000e+03
3.967642578125000000e+03
4.348425781250000000e+03
1.024186611175537109e+00
5.579372070312500000e+03
5.232638183593750000e+03
5.027794921875000000e+03
4.547207519531250000e+03
4.784813476562500000e+03
