4.833455078125000000e+03
4.769581542968750000e+03
4.420643554687500000e+03
4.703990722656250000e+03
4.856370117187500000e+03
-1.549827307462692261e-01
4.123583984375000000e+03
3.485865722656250000e+03
3.769240722656250000e+03
3.860899414062500000e+03
4.561679199218750000e+03
4.654358398437500000e+03
-1.549827307462692261e-01
6.023590820312500000e+03
5.464725097656250000e+03
5.290520996093750000e+03
5.118365722656250000e+03
5.513123535156250000e+03
6.345075683593750000e+03
-1.549827307462692261e-01
7.459316406250000000e+03
6.171567871093750000e+03
6.016705566406250000e+03
6.754708984375000000e+03
6.723273925781250000e+03
6.325052734375000000e+03
-1.549827307462692261e-01
5.580051757812500000e+03
4.101417480468750000e+03
4.215101074218750000e+03
4.426810058593750000e+03
4.881249023437500000e+03
6.062197265625000000e+03
-1.549827307462692261e-01
7.742753417968750000e+03
6.998732421875000000e+03
7.258232421875000000e+03
6.833048339843750000e+03
7.848405761718750000e+03
7.602549316406250000e+03
-1.549827307462692261e-01
6.420640625000000000e+03
5.671454589843750000e+03
6.431085937500000000e+03
-1.549827307462692261e-01
-1.549827307462692261e-01
7.341679687500000000e+03
-1.549827307462692261e-01
5.438547851562500000e+03
5.568380371093750000e+03
3.968997802734375000e+03
-1.549827307462692261e-01
4.314073730468750000e+03
5.452622070312500000e+03
-1.549827307462692261e-01
5.550055175781250000e+03
5.536538085937500000e+03
6.600255371093750000e+03
4.013613769531250000e+03
4.000400634765625000e+03
3.958240966796875000e+03
-1.549827307462692261e-01
6.785780761718750000e+03
5.106068847656250000e+03
4.738675781250000000e+03
4.299184570312500000e+03
4.561345703125000000e+03
4.397717285156250000e+03
-1.549827307462692261e-01
4.508988769531250000e+03
3.934442626953125000e+03
3.470802734375000000e+03
3.698409667968750000e+03
3.976954833984375000e+03
4.044977050781250000e+03
-1.549827307462692261e-01
5.695937500000000000e+03
4.761091308593750000e+03
4.685482910156250000e+03
4.503082519531250000e+03
5.076634277343750000e+03
5.068425292968750000e+03
-1.549827307462692261e-01
5.887041503906250000e+03
4.904122070312500000e+03
5.156395019531250000e+03
4.491779785156250000e+03
4.844602050781250000e+03
4.982032226562500000e+03
-1.549827307462692261e-01
4.191933105468750000e+03
3.801688232421875000e+03
3.703327880859375000e+03
3.698216308593750000e+03
4.327969238281250000e+03
4.723681152343750000e+03
-1.549827307462692261e-01
5.897519531250000000e+03
4.228101562500000000e+03
4.577522460937500000e+03
4.595993164062500000e+03
4.791003417968750000e+03
4.592831542968750000e+03
-1.549827307462692261e-01
3.990557617187500000e+03
3.510210937500000000e+03
3.783516357421875000e+03
3.878036132812500000e+03
4.335625000000000000e+03
4.663038574218750000e+03
-1.549827307462692261e-01
5.730702148437500000e+03
4.985376464843750000e+03
5.204307128906250000e+03
4.989158691406250000e+03
4.906527343750000000e+03
4.822753417968750000e+03
-1.549827307462692261e-01
4.045231933593750000e+03
3.510091552734375000e+03
3.806560058593750000e+03
3.992861572265625000e+03
4.017197753906250000e+03
4.125082031250000000e+03
-1.549827307462692261e-01
6.065669433593750000e+03
5.164769531250000000e+03
4.746103515625000000e+03
4.363405761718750000e+03
4.658751464843750000e+03
4.542330078125000000e+03
-1.549827307462692261e-01
3.758669921875000000e+03
3.782751953125000000e+03
3.564172119140625000e+03
3.481360107421875000e+03
4.241325683593750000e+03
4.434149414062500000e+03
-1.549827307462692261e-01
5.697660156250000000e+03
5.429537597656250000e+03
5.568099609375000000e+03
5.411866210937500000e+03
-1.549827307462692261e-01
7.025959960937500000e+03
-1.549827307462692261e-01
-1.549827307462692261e-01
4.481394042968750000e+03
3.957639160156250000e+03
4.007381347656250000e+03
4.307642089843750000e+03
3.974870117187500000e+03
-1.549827307462692261e-01
5.024611328125000000e+03
5.132310546875000000e+03
4.900352539062500000e+03
3.965133544921875000e+03
4.582507324218750000e+03
4.380494140625000000e+03
-1.549827307462692261e-01
3.593020996093750000e+03
3.398861816406250000e+03
3.784121826171875000e+03
3.154731689453125000e+03
3.696068115234375000e+03
4.200433105468750000e+03
-1.549827307462692261e-01
5.257729003906250000e+03
4.810666503906250000e+03
4.884109375000000000e+03
4.920557617187500000e+03
-1.549827307462692261e-01
6.476441406250000000e+03
-1.549827307462692261e-01
5.192123046875000000e+03
4.792781738281250000e+03
4.774142578125000000e+03
4.466991699218750000e+03
5.003567382812500000e+03
4.966967773437500000e+03
-1.549827307462692261e-01
4.090100830078125000e+03
3.777882568359375000e+03
3.738008056640625000e+03
-1.549827307462692261e-01
4.940132812500000000e+03
4.250946777343750000e+03
-1.549827307462692261e-01
4.888281738281250000e+03
4.014980957031250000e+03
5.085578125000000000e+03
4.601236328125000000e+03
4.222556640625000000e+03
4.302030761718750000e+03
-1.549827307462692261e-01
-1.549827307462692261e-01
4.402774902343750000e+03
3.725471191406250000e+03
4.058541503906250000e+03
3.985824218750000000e+03
4.252530761718750000e+03
-1.549827307462692261e-01
5.305644531250000000e+03
5.215263671875000000e+03
4.983974609375000000e+03
-1.549827307462692261e-01
6.299562988281250000e+03
4.718674804687500000e+03
-1.549827307462692261e-01
3.809685302734375000e+03
3.732293945312500000e+03
4.177941406250000000e+03
3.788311767578125000e+03
3.708682617187500000e+03
4.400013671875000000e+03
-1.549827307462692261e-01
5.161031738281250000e+03
4.844606445312500000e+03
4.550285644531250000e+03
4.058881591796875000e+03
4.387226562500000000e+03
4.543700683593750000e+03
-1.549827307462692261e-01
3.812811523437500000e+03
3.947408691406250000e+03
3.578503906250000000e+03
3.396551513671875000e+03
3.871951171875000000e+03
3.988097656250000000e+03
-1.549827307462692261e-01
5.022645996093750000e+03
4.661590820312500000e+03
5.063686523437500000e+03
4.750548339843750000e+03
5.064972656250000000e+03
4.502798339843750000e+03
-1.549827307462692261e-01
3.990780517578125000e+03
3.805432861328125000e+03
3.784162597656250000e+03
3.582242187500000000e+03
4.116339843750000000e+03
4.260028808593750000e+03
-1.549827307462692261e-01
5.390500976562500000e+03
4.771882324218750000e+03
5.003185546875000000e+03
4.511675781250000000e+03
4.732809570312500000e+03
4.536162597656250000e+03
-1.549827307462692261e-01
3.869073242187500000e+03
3.716115234375000000e+03
3.810459960937500000e+03
3.476069824218750000e+03
3.967989013671875000e+03
4.315698730468750000e+03
-1.549827307462692261e-01
5.487485351562500000e+03
5.082615722656250000e+03
5.049921386718750000e+03
4.519830078125000000e+03
4.824158691406250000e+03
